786
556
292
520
282
229
541
455
197
466
313
294
603
593
702
144
743
371
347
850
337
773
109
865
605
720
581
698
344
828
143
778
816
486
625
305
117
454
578
397
169
765
739
597
888
468
787
459
364
250
836
698
227
766
661
357
132
443
898
411
717
858
243
379
586
412
814
135
760
803
339
892
365
197
145
863
582
477
210
722
180
368
156
129
210
184
632
113
868
807
784
228
301
284
566
640
330
422
481
257
473
413
468
769
334
238
375
365
142
524
514
454
823
679
836
576
243
398
519
109
567
569
705
340
277
394
743
813
687
552
723
173
318
519
385
169
417
463
634
167
800
335
248
321
718
534
597
519
700
630
306
779
672
567
363
721
291
310
597
649
463
537
703
615
273
701
353
585
388
355
835
813
556
101
217
889
143
264
828
147
709
717
251
542
262
545
562
438
498
125
260
425
680
717
147
589
436
541
775
641
270
864
385
546
879
669
824
688
762
661
240
415
674
414
331
730
228
122
283
571
852
463
695
415
725
862
859
226
764
763
855
365
888
830
567
326
607
451
210
359
723
711
249
450
650
553
251
620
767
163
751
851
231
439
440
287
249
477
535
551
630
418
624
704
212
716
767
276
256
572
842
316
103
264
817
190
469
561
660
470
308
545
553
573
340
313
123
105
452
881
315
138
386
630
545
591
187
204
149
633
574
666
504
426
817
528
707
244
530
758
513
848
819
353
335
459
594
286
446
568
552
292
230
578
335
399
177
416
108
283
661
473
569
389
630
414
369
226
542
665
156
385
856
391
677
118
524
528
534
367
395
445
816
369
687
319
463
553
728
655
387
334
747
655
810
150
402
301
486
600
557
684
875
485
376
374
465
535
254
269
727
524
887
803
264
805
484
827
373
799
429
535
639
665
179
133
333
535
852
106
568
484
681
634
457
755
589
228
610
488
548
583
863
736
322
554
315
446
546
122
132
499
852
306
231
468
304
549
521
837
727
675
803
538
472
131
792
497
466
620
569
116
196
288
230
525
472
748
407
114
766
474
821
392
775
180
854
326
506
147
137
698
489
292
738
698
725
822
858
191
263
817
249
743
460
491
143
412
734
339
650
513
814
748
823
110
364
481
192
305
240
757
134
727
688
612
827
201
551
468
468
864
739
497
358
698
837
252
106
869
546
484
385
384
401
327
612
185
580
494
284
566
583
426
452
283
509
116
430
172
503
528
859
808
234
795
556
698
265
643
101
496
568
392
842
220
809
689
665
446
898
872
421
731
718
413
780
728
404
760
733
648
123
126
793
265
867
768
331
666
806
346
292
593
385
810
194
581
533
139
466
672
228
868
153
362
234
299
663
864
881
167
484
654
422
366
130
164
249
500
773
583
403
773
773
656
107
356
573
485
850
225
342
612
848
402
320
742
768
896
190
500
830
800
414
858
462
615
288
225
730
462
452
669
674
120
710
200
698
736
527
517
315
776
755
357
758
756
442
476
690
782
719
530
507
180
757
685
181
165
884
536
247
536
360
612
730
875
453
571
692
857
818
804
439
417
118
183
851
250
813
381
186
765
434
280
152
103
712
315
193
479
167
234
792
145
239
807
311
142
323
545
152
517
334
814
840
123
359
661
683
425
515
284
567
252
630
199
197
725
745
629
324
352
215
525
400
113
564
609
201
596
167
408
130
280
259
740
740
722
390
358
520
133
824
442
475
117
395
647
245
405
851
502
624
656
499
273
589
360
427
563
759
653
495
487
227
542
482
810
148
591
156
641
726
536
529
504
363
837
679
631
394
505
595
271
443
676
509
763
804
156
676
129
535
107
688
532
158
444
312
654
411
147
453
860
295
572
884
261
217
886
796
222
436
310
178
841
411
716
794
746
165
683
855
322
705
497
658
546
568
687
678
553
751
730
748
112
601
808
719
258
760
797
228
604
311
131
423
310
580
508
133
889
738
475
855
625
271
833
789
629
243
261
413
380
850
267
385
754
714
658
459
289
117
572
275
517
224
731
612
114
873
249
352
523
301
692
672
149
256
147
210
101
422
874
596
581
562
530
402
749
384
505
168
541
357
615
248
884
115
611
895
726
533
305
281
320
694
709
425
474
137
177
408
193
507
104
842
388
183
554
887
852
111
200
423
284
649
505
500
656
563
494
832
487
384
229
207
265
600
746
788
737
336
168
662
615
642
159
192
857
522
800
754
159
795
269
196
125
672
595
196
258
248
326
312
317
594
432
615
389
268
202
887
268
309
202
422
602
363
653
241
100
595
159
306
252
392
815
