105
226
150
416
102
103
189
777
786
382
100
203
201
413
124
195
105
389
258
422
386
880
198
185
327
209
836
369
289
192
299
381
677
187
674
733
504
868
563
876
856
626
344
605
632
669
793
163
567
475
710
522
351
525
708
643
806
695
510
311
876
385
664
486
286
681
292
762
752
622
614
854
584
510
156
659
169
442
747
714
266
483
391
613
659
428
843
739
174
531
353
225
537
300
660
830
212
526
395
295
501
715
467
850
768
340
897
529
250
662
187
290
347
117
507
164
227
776
577
156
668
124
362
421
624
281
851
561
636
637
233
487
141
537
356
194
795
737
176
461
795
569
844
869
561
828
493
455
206
565
148
730
734
156
630
247
149
164
816
746
240
360
427
287
100
508
349
512
886
520
624
894
677
877
426
662
630
856
615
638
564
529
749
736
486
834
816
531
702
471
823
391
863
697
387
388
336
338
827
347
130
424
463
651
655
106
312
389
757
495
345
581
440
875
747
104
541
221
467
878
341
593
369
128
759
230
344
168
818
349
118
117
186
850
367
403
685
379
520
767
709
689
493
359
137
245
347
520
504
304
267
384
365
633
106
128
215
832
768
255
110
689
512
379
264
587
478
545
857
419
233
298
427
292
776
167
612
278
832
255
412
569
265
843
614
514
753
299
200
880
809
409
137
186
688
786
578
117
710
501
728
403
266
141
897
447
385
513
103
856
837
695
352
146
369
765
531
437
178
133
790
343
656
363
607
811
417
353
216
459
465
835
511
603
864
852
171
280
216
808
786
597
450
802
516
243
119
641
396
274
222
128
151
397
135
740
682
126
150
361
343
533
539
691
213
707
192
549
227
354
791
635
492
356
468
234
204
322
457
297
707
790
221
528
634
424
409
158
685
851
410
484
817
468
619
667
305
781
560
101
523
527
652
783
365
269
280
450
526
757
618
595
714
639
185
358
141
841
838
617
872
881
339
443
787
133
579
627
777
646
105
810
796
834
639
273
115
303
851
716
273
118
815
646
115
691
712
465
834
608
324
607
557
307
605
577
564
717
566
750
686
434
361
461
541
681
873
414
413
846
599
828
332
222
575
108
100
313
692
685
736
373
466
880
282
882
346
871
347
656
570
576
825
657
351
735
380
667
199
573
264
639
540
652
656
275
259
337
384
444
734
217
395
400
846
234
187
178
453
602
552
361
496
509
454
155
682
284
675
310
456
272
606
805
435
723
846
116
586
841
576
794
748
700
323
686
796
427
459
132
110
255
645
467
112
448
819
870
559
354
191
457
838
862
249
253
747
364
754
448
204
234
359
797
470
367
409
441
611
228
731
710
526
126
897
842
814
631
555
427
532
666
445
350
530
597
157
494
891
148
559
251
683
357
411
537
405
260
828
373
117
683
142
812
776
784
337
152
828
814
247
729
171
891
562
112
184
399
850
444
592
598
517
881
518
663
252
644
186
176
538
328
351
260
280
168
762
119
528
180
316
596
125
111
126
284
767
291
491
689
697
894
517
803
554
452
591
706
262
315
783
838
101
667
737
514
174
219
136
296
524
754
407
451
139
324
713
226
192
440
402
536
434
815
851
227
825
805
330
601
873
821
535
100
593
726
266
873
703
735
592
825
719
737
114
784
255
148
650
334
495
371
845
484
629
737
440
847
740
600
316
778
156
803
864
576
720
777
603
822
833
333
895
452
765
828
124
799
156
703
659
438
565
112
372
532
632
590
553
749
665
283
805
307
175
410
416
741
460
900
428
305
854
206
379
499
291
251
633
298
384
739
748
132
187
564
672
317
330
365
310
741
174
541
676
532
498
288
522
401
515
707
880
559
364
142
732
148
624
438
578
757
609
616
892
491
357
118
883
631
327
162
659
244
609
824
796
655
398
537
294
402
270
679
709
598
130
389
445
782
313
645
375
101
164
261
325
373
466
502
526
119
559
453
164
848
801
831
150
700
609
597
139
535
886
669
625
414
319
107
555
217
651
177
369
123
609
220
503
148
470
365
166
754
122
520
529
726
688
549
614
833
546
143
744
383
427
527
128
539
440
583
637
438
811
896
274
867
701
183
675
523
804
731
143
279
812
612
115
885
824
432
439
241
527
667
714
145
537
438
709
283
535
238
511
647
698
312
127
138
825
665
134
316
178
303
751
377
488
803
524
343
750
516
293
575
354
550
824
781
844
657
279
641
716
397
634
519
877
438
389
112
262
265
246
843
598
167
454
761
103
183
102
386
250
749
205
627
844
293
241
595
760
780
378
891
589
288
424
770
410
785
285
407
342
530
784
769
573
886
373
263
533
624
388
561
816
832
365
370
613
353
192
872
332
487
362
344
520
381
722
842
892
749
276
330
155
221
873
586
252
839
370
622
623
775
685
866
409
281
172
626
404
209
801
312
802
355
886
666
593
311
603
193
628
421
743
246
120
214
615
699
309
261
323
898
292
849
722
591
874
872
564
700
623
631
203
676
147
557
659
651
569
560
325
173
341
219
290
650
233
750
847
225
709
428
832
600
607
780
816
697
316
368
207
451
846
370
348
624
679
437
387
416
347
563
395
598
389
479
546
182
662
691
365
121
152
760
788
519
825
513
292
301
881
225
649
147
320
121
340
285
789
359
100
303
703
846
649
766
435
168
686
748
857
473
628
363
135
869
529
666
647
511
341
179
301
329
524
238
387
230
855
281
403
735
873
552
477
130
495
547
567
873
448
545
359
447
237
169
255
326
898
218
414
810
564
543
887
844
370
508
347
252
364
352
370
467
468
698
513
351
363
733
581
613
855
572
320
859
227
751
536
709
532
298
269
794
704
215
138
698
789
836
334
351
254
179
806
684
421
417
463
708
493
719
441
344
114
888
589
627
829
309
772
175
188
374
718
239
211
168
264
784
590
207
761
582
475
199
163
389
889
323
886
659
616
802
403
772
715
533
898
552
222
742
475
215
723
879
778
478
881
604
210
715
372
525
738
492
211
297
406
710
352
259
785
506
122
822
268
434
192
816
261
739
839
222
485
889
303
296
306
401
687
215
207
569
565
594
839
617
612
584
346
241
725
209
317
383
493
622
413
250
573
846
147
246
365
842
617
153
619
405
585
234
481
848
433
588
818
810
378
843
144
810
867
238
882
297
891
442
504
736
644
127
684
330
545
732
265
397
485
171
468
126
746
626
469
769
595
231
751
258
145
246
347
789
779
599
865
701
241
200
631
288
247
631
606
774
533
219
200
208
204
753
213
367
868
218
815
748
490
375
257
260
747
260
673
799
749
692
299
676
102
504
573
569
422
111
381
618
326
769
366
474
437
559
418
334
144
459
460
779
598
395
627
837
208
296
485
294
889
295
474
530
555
322
653
285
604
854
130
712
605
793
283
600
800
812
456
292
272
184
231
572
613
185
155
283
893
659
607
616
108
132
706
867
319
705
355
264
839
589
735
786
331
113
153
229
751
828
315
536
426
427
179
785
324
438
503
591
672
111
578
796
221
403
310
493
900
364
761
320
115
559
774
656
187
559
350
216
784
679
493
313
304
301
140
570
538
571
231
118
191
895
146
703
407
722
817
387
732
583
660
247
111
495
584
563
447
113
513
525
788
327
144
485
123
665
500
803
757
400
835
705
362
872
133
750
771
223
748
828
571
343
444
156
174
813
245
132
339
767
812
644
315
377
261
361
858
446
168
296
266
632
572
126
628
336
667
160
565
831
151
775
598
786
458
698
839
490
104
442
892
181
308
137
862
313
571
147
499
371
533
607
782
478
294
681
108
298
553
569
488
760
857
107
370
551
430
188
162
869
789
652
434
578
784
465
694
665
691
719
749
740
352
141
501
172
892
759
693
861
661
203
316
821
846
491
633
199
385
255
169
863
171
302
258
510
471
670
671
781
200
676
356
884
208
289
206
331
507
630
149
433
818
347
115
674
831
224
122
300
589
621
606
125
685
588
730
322
212
626
445
849
489
749
250
333
240
665
463
373
773
252
720
636
646
491
218
105
743
415
742
158
763
266
388
839
102
269
581
243
110
804
732
484
560
361
888
115
571
632
188
343
261
173
704
615
130
833
433
203
461
793
173
685
345
702
832
369
607
340
451
559
453
255
167
427
378
507
792
747
674
499
574
720
142
128
132
798
358
821
570
381
493
635
701
572
117
701
701
741
131
469
538
136
681
205
788
517
651
517
766
783
331
593
888
281
121
350
738
766
718
755
669
573
141
621
137
644
206
263
766
783
668
188
379
243
801
844
422
225
800
578
406
767
710
577
329
146
323
580
332
694
376
783
836
428
367
583
295
394
564
782
220
368
380
722
271
740
722
718
198
695
619
666
851
328
736
500
783
669
683
423
321
820
460
643
250
189
677
422
365
444
813
494
728
531
764
523
204
412
368
655
871
814
151
720
676
467
431
477
127
684
328
776
344
412
607
578
404
465
110
115
543
109
392
132
811
627
621
382
105
284
815
181
641
900
331
536
483
435
440
730
583
186
163
470
242
279
552
249
294
794
350
879
702
290
380
152
138
794
156
464
292
650
848
746
448
239
831
425
635
865
313
371
852
587
265
774
335
647
584
800
207
466
277
425
418
562
892
593
350
590
889
622
464
160
830
628
270
592
263
221
836
106
647
777
107
164
220
348
689
355
762
205
882
590
628
400
154
388
252
422
734
792
307
159
688
557
621
654
816
873
858
246
588
643
571
691
596
149
245
502
842
115
610
878
824
246
814
592
720
571
249
542
513
665
711
687
513
407
204
730
100
757
379
236
153
618
560
580
248
328
311
727
642
221
851
835
824
272
255
470
319
481
452
731
749
846
505
352
511
854
487
868
132
394
289
174
219
236
581
196
111
876
865
406
379
742
211
492
382
190
612
426
690
228
765
668
419
870
437
278
856
674
520
500
255
473
735
397
287
762
170
155
862
751
101
561
230
303
424
273
197
325
507
386
821
840
890
233
272
358
189
584
871
498
454
140
822
753
333
198
721
229
721
725
216
593
154
288
386
357
506
711
493
112
759
363
320
803
271
846
163
525
394
228
364
784
460
802
416
885
867
831
433
166
210
731
763
413
637
899
308
342
457
101
303
822
341
301
619
618
179
285
365
362
884
824
400
412
687
215
771
276
103
416
667
441
647
211
745
210
575
883
524
518
243
252
661
661
876
357
823
748
525
737
641
202
900
546
331
657
660
857
612
702
644
871
622
558
697
127
853
394
483
239
438
355
512
258
811
834
544
639
824
195
711
421
671
855
291
777
761
690
560
216
449
868
539
280
771
175
125
580
777
368
138
214
469
401
608
666
606
398
367
642
162
161
485
510
515
557
820
670
826
546
129
557
298
724
863
300
694
220
847
335
390
254
545
363
716
252
705
153
631
118
733
647
116
647
563
270
707
892
261
371
859
714
693
485
372
514
800
595
395
476
817
839
229
638
227
554
419
365
679
305
501
795
318
239
892
267
787
663
247
804
248
796
294
442
681
542
152
500
480
888
343
318
595
448
165
864
307
505
828
142
616
497
470
278
866
281
299
747
631
850
336
250
665
202
443
598
829
417
564
330
882
427
416
762
680
789
823
183
280
284
655
606
730
497
669
434
389
274
224
377
363
624
588
204
850
357
166
409
829
600
511
111
784
825
877
120
194
272
417
698
793
484
832
585
628
488
646
128
486
616
109
614
199
100
414
240
374
897
329
299
788
760
744
157
773
333
189
287
850
866
850
173
159
259
795
447
670
194
859
882
394
219
796
161
741
554
576
172
514
132
258
274
351
314
761
525
705
421
407
269
181
745
264
830
239
469
297
169
739
355
478
455
604
859
422
678
760
230
289
859
585
157
274
677
199
231
599
880
188
443
333
382
273
288
324
239
278
413
839
792
670
840
466
486
727
375
716
751
588
673
364
135
880
272
603
195
418
875
371
557
465
270
558
181
173
572
829
781
879
411
383
303
505
590
617
274
158
418
470
728
511
431
846
312
448
733
635
634
385
592
143
518
134
858
756
628
860
351
443
887
384
416
114
573
248
560
248
723
288
418
111
635
246
344
401
859
615
160
359
624
678
486
745
342
280
265
326
537
324
516
841
482
809
469
553
633
462
692
134
720
329
102
416
767
327
286
718
751
609
283
236
569
128
594
325
426
557
236
697
652
145
288
222
509
420
528
141
660
820
813
702
673
697
104
669
369
764
369
856
110
153
412
728
717
799
565
244
807
373
462
130
878
564
339
843
152
682
586
386
849
719
311
656
128
410
763
479
529
632
186
826
650
408
131
514
597
675
872
163
588
673
887
837
440
472
889
700
478
128
841
185
723
606
758
173
436
875
555
384
556
286
155
728
382
204
276
712
330
628
693
235
400
445
656
807
187
369
216
373
294
262
420
126
311
814
709
703
553
322
152
645
614
243
401
474
496
141
887
681
237
804
477
584
285
492
691
256
688
781
615
822
235
406
880
451
381
590
261
107
119
762
135
213
710
441
607
522
807
493
525
482
229
654
782
338
798
502
147
225
817
341
705
209
365
757
655
196
518
728
686
762
123
445
284
606
714
863
211
890
881
811
511
750
514
413
583
518
529
723
423
841
319
622
614
434
280
855
107
572
573
744
832
163
361
125
172
515
837
895
665
602
209
520
569
346
397
225
297
755
591
699
224
242
554
475
109
760
584
359
247
518
625
256
393
867
326
423
777
342
170
367
151
793
395
304
822
680
184
780
775
864
855
862
636
442
469
558
493
637
506
618
296
762
446
405
798
782
676
518
581
633
552
865
213
749
629
251
295
672
178
347
665
890
698
699
699
572
244
503
867
729
852
844
493
633
639
129
690
834
438
588
404
568
457
100
251
156
571
717
176
784
795
744
767
633
884
446
685
554
454
660
158
857
329
833
327
814
621
764
797
346
124
295
847
350
782
502
115
802
177
135
862
507
494
874
757
358
852
764
838
327
876
583
801
214
313
800
897
417
589
527
746
201
363
161
456
512
895
255
371
492
490
142
142
766
577
208
775
362
201
207
587
799
283
153
336
566
873
833
810
651
158
518
402
488
470
275
188
226
478
228
348
277
840
760
476
105
257
284
560
254
822
490
738
375
801
809
571
568
740
161
584
827
735
387
606
149
310
639
128
129
827
114
487
883
144
148
416
768
752
761
267
721
254
615
367
403
840
127
632
407
851
371
618
305
239
882
659
317
129
338
344
104
857
789
661
425
519
845
809
578
882
528
139
438
555
660
382
407
780
568
735
747
408
607
584
451
676
672
126
249
360
239
498
583
666
622
807
850
241
321
549
101
247
136
239
352
631
860
707
376
160
755
838
405
702
111
703
112
753
810
175
841
490
510
786
661
876
843
138
704
867
639
845
399
877
236
218
599
355
248
592
491
249
740
667
257
717
235
520
601
382
481
898
761
785
267
446
861
733
548
414
691
570
582
698
543
890
227
885
238
447
831
733
394
473
493
230
208
477
470
677
190
284
142
264
322
304
669
611
774
879
792
197
707
716
851
309
422
448
459
199
225
810
155
201
656
138
871
897
759
107
665
811
564
382
445
629
327
726
601
691
465
305
550
640
495
296
179
556
843
707
146
872
194
568
658
264
404
608
744
622
852
438
721
456
865
759
338
209
303
232
558
321
809
293
368
191
571
147
711
256
414
478
782
345
375
893
757
780
266
226
204
468
137
444
454
449
441
357
190
608
250
636
807
400
158
463
520
770
678
843
577
546
648
395
318
263
374
492
843
393
519
464
142
340
833
896
794
360
721
145
271
842
191
442
500
528
656
104
239
748
835
226
481
231
517
106
742
553
888
605
464
332
354
608
459
884
470
809
316
567
803
573
840
518
459
314
873
336
685
511
222
612
626
839
255
793
870
899
304
892
554
312
430
333
356
627
208
178
429
761
120
155
150
506
314
241
593
421
307
192
253
199
501
480
785
407
396
331
233
620
231
755
543
608
744
890
870
822
621
805
593
304
440
728
673
609
863
884
756
259
780
727
804
593
394
674
156
363
116
515
138
595
283
185
612
479
481
808
550
437
173
321
789
663
228
496
734
289
160
204
639
821
625
276
428
393
828
709
771
681
136
332
576
540
660
885
194
689
124
540
413
872
258
694
803
108
670
169
361
475
296
895
358
136
131
253
476
843
716
804
772
235
185
591
328
740
889
308
168
371
598
253
411
768
152
837
375
771
699
286
686
753
779
627
328
679
277
176
314
818
317
840
221
140
623
607
381
671
848
571
439
782
697
683
541
267
272
753
774
156
508
843
545
331
492
719
146
720
242
665
813
169
131
720
454
495
293
836
807
859
780
261
425
625
343
244
635
862
538
335
798
269
131
190
193
294
248
347
266
370
305
365
294
579
605
257
705
523
878
415
746
415
113
157
527
481
646
868
457
575
336
824
252
617
487
270
900
171
461
297
824
279
272
744
670
467
569
327
338
620
507
846
110
117
178
395
674
272
319
355
710
714
437
321
284
563
551
156
186
656
479
683
661
872
338
488
788
768
503
841
473
818
313
244
258
455
396
261
463
647
551
288
209
699
211
216
463
383
504
319
631
588
440
565
888
440
754
233
328
289
390
233
378
870
501
174
189
772
866
334
414
682
857
796
241
368
218
705
473
226
592
867
512
289
738
490
687
270
886
525
447
457
181
528
398
668
816
209
487
107
828
807
735
731
791
229
710
292
247
634
750
324
202
717
656
666
397
304
864
466
794
318
277
602
319
891
665
163
414
148
502
242
227
468
760
676
698
645
354
711
111
797
624
727
589
241
729
684
391
145
279
865
258
757
433
496
448
353
651
188
402
372
104
443
684
334
570
340
764
715
561
404
217
832
825
487
783
739
503
159
883
644
855
326
625
264
399
763
882
468
446
222
754
360
714
286
659
568
367
779
127
640
384
573
260
102
751
848
309
519
482
808
366
619
502
401
115
409
855
769
190
240
538
421
523
326
890
264
678
200
599
512
802
749
359
315
756
889
169
530
839
820
803
843
828
385
765
633
325
805
422
658
291
743
638
497
656
399
505
226
671
395
624
625
731
606
259
577
307
336
829
221
755
216
894
192
101
188
537
816
350
356
454
398
751
421
317
485
507
659
616
402
511
734
420
710
634
889
296
789
835
324
748
503
546
350
153
590
126
559
110
189
743
803
754
891
632
773
130
865
521
350
838
140
123
723
216
443
705
559
201
669
731
859
334
142
619
403
106
195
475
557
680
510
870
204
666
628
516
175
248
277
371
836
813
124
748
356
723
587
735
192
696
600
328
849
864
713
177
767
651
144
448
151
622
880
247
280
241
359
431
563
522
634
898
792
703
717
550
799
789
677
228
253
456
799
878
405
477
267
373
436
383
575
704
583
252
187
356
276
299
812
119
355
276
644
138
495
452
281
470
179
845
606
849
748
662
396
753
576
260
393
143
205
378
311
863
154
646
561
303
765
476
631
661
350
248
521
541
589
207
240
802
781
100
833
411
498
703
849
344
560
262
877
415
886
610
118
470
448
842
529
102
496
176
618
808
853
845
621
206
742
744
547
766
241
164
660
774
340
173
457
118
583
145
535
405
173
183
570
298
410
692
194
784
776
735
624
641
250
106
730
524
547
100
131
144
695
696
493
253
243
264
129
228
205
201
572
432
142
163
785
688
740
683
291
612
651
662
586
556
410
643
541
107
447
148
310
871
344
592
122
844
596
564
161
420
670
730
861
239
682
468
266
766
644
176
843
318
249
596
300
600
677
217
297
849
394
181
141
432
604
429
711
732
297
797
637
633
756
762
762
381
169
796
673
430
198
358
788
864
501
248
701
331
724
776
272
181
312
875
893
729
833
784
364
768
436
309
116
347
357
299
456
171
443
589
444
796
473
865
291
811
275
140
617
221
700
333
305
452
138
779
770
804
419
643
452
868
828
472
704
859
201
631
840
362
638
786
493
872
637
679
702
229
533
251
483
549
209
882
382
827
744
308
717
185
206
463
770
551
456
615
204
785
294
776
130
538
531
791
787
204
190
820
315
654
637
527
126
392
694
213
183
587
678
815
873
836
214
330
483
635
896
437
613
499
899
440
586
830
330
212
706
180
140
271
459
871
130
372
823
670
404
642
160
270
885
505
374
777
743
870
504
632
301
657
257
139
771
456
347
540
657
460
200
492
303
109
225
283
611
666
223
750
431
873
361
636
139
363
734
379
103
797
406
670
156
188
156
674
612
403
748
215
515
802
556
309
607
879
509
581
517
708
487
829
631
195
661
165
225
809
765
549
197
596
552
230
497
417
116
370
238
531
276
309
881
103
719
780
148
276
178
899
786
172
202
316
630
796
590
590
389
625
892
320
687
402
833
393
124
587
871
108
878
245
169
189
690
278
527
604
224
332
393
788
568
158
357
705
620
894
489
683
531
232
214
331
720
116
229
602
559
566
896
663
218
375
709
822
752
466
360
236
148
101
315
873
597
809
896
548
273
203
236
455
104
786
503
847
872
302
444
283
777
381
319
351
277
193
393
308
401
614
749
146
820
514
650
587
717
550
370
196
535
675
549
859
463
384
241
627
331
531
814
707
623
225
137
377
139
201
669
332
828
233
690
889
710
633
465
730
436
386
740
622
812
882
843
191
401
438
552
133
522
827
379
241
142
102
155
518
828
238
569
402
192
148
255
628
138
386
813
133
331
154
300
410
878
146
734
127
261
544
501
677
437
304
135
103
730
688
425
149
734
242
556
134
865
437
521
879
357
677
317
574
507
182
549
426
652
728
766
285
687
783
708
504
440
509
283
117
704
563
220
312
610
180
832
383
100
184
245
570
176
590
332
430
426
161
678
347
103
650
149
853
821
726
443
405
610
765
520
401
415
487
779
194
811
138
605
104
218
595
363
236
360
301
766
513
156
744
454
521
538
465
563
860
280
660
897
694
496
496
863
692
601
786
561
718
866
267
762
782
133
492
285
326
419
489
178
459
670
832
250
310
615
368
787
145
600
506
676
298
622
577
899
844
317
440
490
323
337
592
493
507
786
489
845
288
365
855
508
370
618
457
287
326
668
380
711
382
853
513
850
149
431
897
200
546
527
788
341
208
868
536
880
530
754
301
745
325
638
544
606
429
599
377
484
419
879
712
233
488
829
890
130
182
521
455
417
395
558
565
609
365
122
118
859
493
353
394
570
686
772
600
835
855
804
692
383
333
382
135
393
727
686
212
571
310
497
723
780
863
747
485
681
466
495
146
360
604
150
662
210
706
254
535
521
337
682
234
870
511
658
250
707
645
247
574
356
681
382
372
134
831
237
800
126
530
848
486
715
890
304
530
779
786
100
657
571
399
568
786
324
826
858
791
650
591
290
708
874
501
352
520
573
386
321
571
705
303
265
362
793
839
727
722
716
660
389
798
772
466
634
520
818
171
703
602
592
774
343
319
245
477
142
436
834
532
767
854
100
871
696
468
482
839
225
238
651
582
170
228
179
251
813
873
483
561
842
469
236
497
464
442
826
664
201
751
438
236
800
366
388
707
356
291
826
498
127
258
791
751
248
296
163
803
293
554
682
833
102
439
353
382
802
366
307
182
174
207
870
592
853
307
546
173
362
103
365
719
196
226
592
182
590
230
397
535
459
587
762
490
487
868
519
501
137
515
741
336
276
197
504
645
143
449
748
304
651
787
860
686
232
160
186
307
473
526
392
394
677
879
879
714
830
214
663
220
719
104
214
758
326
486
722
350
643
542
236
797
421
151
592
434
427
152
819
295
441
676
525
408
838
608
260
874
774
169
764
539
246
889
101
532
606
320
662
447
829
842
820
899
408
809
195
405
178
116
717
752
281
683
391
603
847
268
267
713
758
754
620
119
711
718
496
486
616
637
411
315
722
885
810
154
847
813
122
518
759
842
584
527
471
807
775
592
844
746
829
402
656
776
600
693
160
405
420
760
301
525
437
351
383
443
143
520
754
861
142
230
592
206
742
490
843
206
626
666
833
744
874
521
378
680
622
549
782
178
620
736
701
890
678
493
826
285
276
890
872
226
652
838
664
427
793
547
571
109
729
605
424
308
742
607
180
244
680
216
583
400
714
677
290
785
752
443
576
764
362
363
143
253
451
136
464
493
373
356
364
116
609
744
214
402
313
540
397
364
649
420
522
869
169
598
138
857
640
196
336
595
503
691
278
520
784
389
214
123
857
486
474
328
328
711
446
226
619
881
326
252
697
371
673
589
266
236
590
694
248
636
163
587
440
108
408
705
876
182
367
804
126
677
255
603
574
200
570
633
358
741
669
340
607
783
250
581
129
312
751
764
314
639
204
785
764
695
870
428
631
786
576
303
514
268
710
446
584
575
554
264
308
383
675
708
612
475
543
414
142
327
559
233
857
344
324
600
368
784
231
598
280
123
605
311
274
383
497
600
712
401
707
415
456
195
612
376
356
731
238
194
686
432
717
329
415
261
379
372
261
203
401
441
847
427
747
323
650
643
447
136
677
369
166
625
357
618
345
586
513
874
873
244
627
169
601
130
192
311
213
820
216
134
538
578
374
433
174
175
641
472
847
358
249
518
589
637
884
419
347
677
596
594
443
509
369
854
467
623
408
621
785
776
175
321
869
531
184
724
130
113
305
404
187
492
772
517
491
600
324
396
198
653
469
807
680
671
675
680
369
311
881
599
291
493
377
361
622
621
883
401
338
825
437
717
385
583
260
651
865
757
470
638
146
755
745
494
414
369
651
200
429
471
279
341
680
479
164
586
832
705
516
807
862
247
384
517
642
875
121
792
485
111
339
115
521
424
693
588
855
663
114
343
469
472
107
367
565
101
478
638
556
878
383
338
120
712
671
175
896
537
223
366
678
301
266
423
271
880
772
547
868
171
708
577
840
193
672
794
492
561
469
612
183
762
627
691
771
600
782
692
404
842
299
714
515
392
765
848
747
667
256
288
770
295
145
368
460
209
395
768
384
203
784
210
258
126
534
477
858
132
541
300
319
655
257
383
464
338
250
318
195
662
368
108
117
327
197
854
429
717
707
729
591
275
440
662
825
345
284
633
116
485
350
375
370
804
725
643
572
669
185
647
546
147
561
652
442
270
420
456
321
608
578
469
294
647
194
180
535
760
443
501
371
618
610
622
877
427
423
674
104
654
745
249
440
370
344
571
679
426
229
332
792
827
509
401
357
769
221
454
657
467
544
227
471
410
412
806
177
761
246
806
800
702
302
385
182
845
192
402
786
353
275
581
635
464
678
803
357
173
212
528
732
295
275
147
156
881
110
665
200
518
314
607
468
101
238
679
470
741
231
560
595
424
145
371
884
507
657
257
425
304
226
540
498
504
242
138
849
250
772
441
690
496
145
567
279
408
519
702
760
218
400
406
595
854
861
644
130
900
391
244
527
552
390
510
499
104
272
510
197
827
631
784
834
736
626
163
387
342
108
357
388
314
894
649
707
396
186
851
655
531
358
792
215
123
890
517
526
462
605
502
603
451
771
628
174
425
725
374
761
660
413
506
897
214
542
736
556
671
828
109
336
811
328
159
780
771
496
664
145
824
586
164
590
719
899
176
169
217
275
296
784
611
777
616
108
212
626
869
757
579
640
841
295
238
157
363
274
712
326
887
877
810
669
186
264
501
304
235
693
338
356
394
317
847
439
239
207
391
359
767
697
130
469
309
287
168
418
864
558
813
526
269
683
878
290
644
151
326
888
242
508
241
522
154
346
675
870
454
191
622
305
868
200
341
441
636
210
433
484
705
741
615
460
360
684
793
251
651
249
755
488
842
104
312
677
388
155
663
126
233
344
775
409
151
423
424
643
250
706
188
225
382
227
237
869
618
599
843
289
744
204
560
426
764
817
515
179
277
891
726
317
178
720
278
194
488
175
698
305
535
549
269
202
653
272
333
581
371
890
308
292
888
714
225
530
490
644
356
199
445
174
318
342
778
327
316
314
680
255
110
341
335
314
800
497
731
387
178
858
316
899
445
845
720
864
709
381
852
862
860
834
586
343
396
544
265
491
109
735
829
453
355
480
676
124
325
763
489
290
185
424
715
208
377
449
576
647
853
654
683
451
309
576
850
892
578
148
627
382
542
730
710
255
249
589
639
839
600
652
389
694
473
388
817
417
853
106
412
285
476
830
809
862
437
892
795
812
654
843
138
168
679
514
406
717
881
459
642
563
391
592
313
358
762
812
441
518
675
426
375
839
257
814
894
486
272
388
728
581
517
610
474
878
725
124
520
531
104
119
726
119
734
801
685
223
399
502
756
161
565
292
284
561
212
887
178
172
389
836
731
299
466
132
493
385
457
376
826
730
306
894
239
428
560
683
343
253
445
488
551
513
751
548
455
290
153
592
243
474
609
799
447
531
137
100
694
831
896
725
708
485
748
721
227
365
895
294
241
713
677
248
696
211
757
429
585
704
467
333
566
106
276
806
771
885
105
100
672
402
300
866
193
458
639
445
617
668
538
358
458
574
286
410
455
102
456
637
462
622
442
319
677
282
388
413
230
592
519
632
452
130
285
256
648
496
475
294
857
156
343
814
115
741
589
646
494
122
250
436
827
876
494
488
100
621
305
621
797
580
408
407
401
494
789
187
293
728
570
221
534
652
622
281
145
337
520
227
858
883
246
423
428
482
714
245
726
844
815
130
210
190
530
720
756
500
776
278
710
495
101
524
181
616
670
557
579
623
678
692
296
896
443
420
664
305
261
748
402
289
126
221
149
470
122
753
493
372
740
795
596
146
771
588
619
441
536
512
848
394
624
867
686
636
789
584
810
280
255
534
759
389
136
594
106
779
137
612
281
691
462
305
487
605
356
230
112
476
234
840
784
649
688
158
602
233
570
138
898
895
347
759
705
304
779
541
424
290
467
185
549
898
659
456
221
458
898
254
540
735
640
418
582
468
404
366
139
143
412
319
723
600
243
345
415
588
429
449
865
754
604
896
616
644
138
138
744
143
458
256
557
157
537
258
807
290
170
362
684
884
209
872
404
731
119
857
616
574
861
317
137
813
634
282
593
327
348
690
109
887
734
324
472
432
644
197
124
159
259
516
616
180
379
229
678
390
834
185
512
117
664
400
620
110
256
512
620
370
591
815
751
454
431
780
529
739
520
160
679
532
168
811
693
429
400
577
659
403
270
883
104
188
418
726
455
287
551
284
780
668
798
274
154
497
228
230
214
295
785
378
619
564
128
744
215
392
163
788
345
477
379
860
734
192
887
279
591
558
851
302
599
505
300
888
576
452
234
838
735
624
214
828
641
741
521
354
372
572
834
505
868
505
342
317
679
276
885
607
228
162
350
861
513
374
588
367
553
628
662
310
710
503
114
444
375
859
689
340
394
557
787
562
497
635
310
317
246
135
131
668
869
225
411
131
678
662
657
336
855
212
792
336
698
435
854
876
296
577
856
126
653
650
859
659
133
324
884
831
115
610
535
707
263
807
408
712
349
485
894
686
853
581
426
790
180
201
860
636
560
343
298
390
553
727
857
704
888
161
296
738
729
294
167
254
290
758
856
361
614
201
538
737
312
408
415
698
363
744
593
401
195
262
540
898
512
398
379
544
245
183
414
435
268
542
329
455
334
458
116
497
426
461
340
734
119
751
873
816
811
512
314
624
679
718
608
733
699
600
731
163
230
260
329
463
575
348
768
208
294
762
118
651
837
181
173
868
320
871
424
340
897
582
379
781
826
139
478
809
184
439
687
334
578
440
267
136
738
218
889
756
212
876
375
785
268
113
346
677
601
504
637
410
864
591
898
581
648
586
425
350
467
158
454
886
511
707
837
522
737
107
666
774
289
246
482
876
391
720
756
832
562
254
201
152
565
838
715
489
221
537
473
789
173
603
168
113
550
583
687
806
155
406
506
137
653
443
843
590
257
435
217
473
443
486
345
375
766
351
375
708
206
237
445
497
900
335
447
856
547
606
892
748
704
796
374
438
141
137
859
666
571
735
320
393
829
299
621
238
847
559
696
410
469
715
663
449
107
287
645
808
898
437
815
255
697
220
228
677
706
594
846
762
734
539
396
661
463
501
200
380
881
446
460
470
585
435
432
896
479
843
364
120
576
236
490
226
302
358
367
427
517
405
629
647
879
533
105
169
493
193
694
852
767
507
625
365
823
740
505
776
246
855
694
545
178
196
731
396
113
707
287
415
366
652
871
894
214
544
177
319
536
130
512
827
275
225
353
844
720
559
687
392
642
201
806
612
810
469
249
535
651
243
463
317
158
799
755
229
619
696
769
280
852
803
317
743
546
203
111
412
724
628
551
463
325
223
133
761
409
264
705
456
142
549
772
353
114
201
545
509
819
824
645
837
720
857
500
411
600
239
121
482
575
680
270
568
527
474
191
729
303
332
449
569
461
440
276
353
469
883
162
625
331
735
729
255
222
201
421
646
212
126
830
887
781
372
513
548
675
283
111
254
547
332
490
239
878
100
778
543
533
641
215
501
780
767
494
311
730
567
426
669
832
397
844
333
395
249
179
343
720
497
374
101
132
453
552
340
570
149
345
443
844
746
454
653
519
787
280
308
777
741
641
748
213
272
482
458
131
259
675
886
845
311
274
275
114
867
173
127
569
850
486
129
194
672
529
628
465
342
668
749
808
238
709
753
680
420
255
673
336
608
733
206
245
496
803
535
404
482
729
265
439
883
850
474
895
168
235
702
833
183
359
477
558
409
399
101
492
725
382
724
111
790
460
452
247
106
335
800
212
525
896
410
506
127
720
451
643
397
134
712
144
667
727
428
242
267
721
708
899
572
122
131
169
649
269
228
472
364
423
573
538
526
582
576
679
207
336
781
839
882
657
774
821
414
391
631
593
344
649
340
871
110
304
274
211
370
377
205
403
208
435
136
459
241
676
645
624
689
427
118
413
511
522
759
798
340
395
888
136
643
125
235
527
324
794
597
706
261
277
295
701
201
893
643
575
407
173
466
193
641
357
339
301
217
615
871
813
183
303
574
881
598
461
722
596
898
632
517
448
457
638
401
229
529
107
468
169
790
589
762
886
332
243
213
422
275
523
684
632
106
635
479
610
359
868
871
554
399
757
511
105
456
188
527
754
491
515
892
888
348
547
216
440
521
412
775
826
713
423
484
383
238
169
239
247
172
169
457
827
517
706
539
725
188
876
694
372
439
581
881
445
713
598
303
336
693
483
698
109
709
717
513
212
135
677
567
560
297
119
486
335
846
420
250
882
399
682
507
882
353
547
613
879
778
856
253
640
764
300
683
281
633
613
315
457
507
787
692
204
164
169
320
775
441
256
688
747
437
488
389
602
783
764
215
483
537
183
121
883
670
186
752
287
788
662
878
134
129
816
213
489
456
729
363
352
371
620
540
883
201
290
610
540
834
574
467
739
567
704
231
429
755
399
330
779
812
646
474
696
255
788
785
371
349
540
108
775
827
698
896
793
288
564
218
760
174
341
651
518
522
889
541
752
283
185
387
814
459
371
251
585
858
849
713
826
808
849
691
838
675
110
366
674
116
888
451
170
579
230
816
240
424
630
197
740
219
371
631
115
466
257
302
663
720
492
126
325
297
727
478
299
104
356
419
673
459
423
722
279
102
359
389
173
429
718
346
693
610
555
194
579
114
851
459
265
501
735
780
552
583
476
348
535
445
132
247
768
211
241
874
245
460
235
250
217
834
620
452
825
166
885
286
809
457
196
450
376
485
213
755
324
432
643
763
714
722
729
430
452
879
174
132
525
758
409
566
296
745
721
459
713
201
106
635
210
100
665
312
280
421
788
276
890
743
748
744
510
635
143
178
653
537
338
530
822
702
799
727
743
597
799
349
391
373
195
694
482
289
448
602
248
588
836
196
736
624
699
186
639
278
835
640
354
639
243
802
240
278
726
470
148
303
410
451
683
753
158
667
695
360
339
810
738
108
568
519
193
127
691
162
861
382
699
285
760
601
814
861
191
640
377
469
150
659
512
348
233
851
772
542
570
512
327
724
859
209
611
741
329
101
660
801
632
836
374
679
310
386
554
311
392
606
388
229
870
864
749
436
275
243
868
474
344
330
720
864
756
296
847
188
350
763
600
792
527
833
476
729
315
574
241
569
533
765
172
152
571
582
189
830
638
268
287
352
492
398
160
290
582
183
247
898
364
555
451
659
291
879
157
248
898
166
213
747
560
247
697
391
531
128
549
764
269
591
148
530
426
679
379
554
683
557
214
834
469
306
742
781
522
726
656
605
805
338
588
572
590
444
471
216
643
574
597
811
743
342
299
704
798
706
327
769
489
471
303
354
245
593
369
247
603
883
800
642
207
541
210
330
730
501
406
256
491
126
385
655
684
323
677
293
304
552
634
705
578
422
289
881
210
394
617
245
187
451
327
127
287
706
373
763
729
476
255
542
667
352
114
173
264
756
529
733
873
614
268
531
455
526
779
455
305
469
339
129
610
338
458
872
368
192
631
709
687
126
135
720
675
553
367
584
706
687
520
253
823
681
569
263
279
693
438
816
534
350
182
292
342
589
177
377
473
579
450
320
581
715
291
888
279
743
797
684
201
300
819
150
640
657
818
397
659
391
585
796
878
858
838
883
863
430
395
735
234
445
342
115
659
488
133
114
453
838
173
213
591
181
413
357
382
782
479
238
885
271
876
277
802
139
434
221
153
253
407
166
305
417
403
704
356
754
647
390
829
219
668
838
299
373
373
603
464
769
220
178
643
594
284
592
704
588
503
161
300
743
168
842
117
389
459
381
352
352
630
640
800
833
762
113
669
701
269
529
767
136
825
331
315
119
784
111
168
561
445
532
808
369
236
324
813
743
678
635
308
381
638
414
893
836
306
634
515
660
578
110
281
725
876
710
469
649
424
712
882
283
133
664
787
293
361
558
573
135
139
696
401
639
121
305
488
512
599
506
839
824
792
587
585
673
845
370
227
374
138
838
890
733
804
168
621
339
714
380
561
150
246
226
371
652
258
704
450
371
628
145
684
603
196
215
400
256
824
276
291
783
504
633
629
807
601
141
862
660
856
411
222
194
427
669
109
585
866
696
421
467
785
213
406
390
287
223
149
193
302
590
491
136
185
868
843
725
240
616
592
764
304
754
480
763
449
820
842
304
598
626
110
746
623
876
397
541
159
370
387
434
373
536
429
782
739
806
223
467
830
466
874
610
606
371
611
846
469
425
692
543
842
184
475
785
243
568
805
754
512
527
720
529
758
217
878
489
132
374
475
164
215
559
204
345
107
180
152
605
169
741
291
406
887
583
721
473
650
468
596
837
367
106
668
678
422
566
785
603
330
628
548
112
412
724
872
315
693
406
471
628
655
401
591
770
827
657
655
503
741
212
232
827
764
557
475
216
116
801
538
256
350
385
650
659
267
202
739
574
466
788
744
336
460
846
496
332
455
262
680
326
253
795
199
619
754
870
630
575
786
876
200
791
841
816
655
200
178
309
750
537
340
859
190
808
123
824
388
555
706
244
479
721
221
120
104
828
469
231
883
842
469
373
164
799
651
771
301
225
379
605
622
411
188
185
403
565
895
518
405
307
409
238
230
628
675
663
729
628
787
728
736
278
180
245
382
449
779
706
617
445
400
453
216
828
437
669
530
266
449
105
323
656
163
487
314
275
725
376
552
460
803
148
492
574
319
693
725
107
888
300
828
739
826
626
199
481
322
170
118
531
615
167
370
387
515
199
842
158
410
563
608
639
552
135
879
120
181
583
268
295
436
398
452
196
109
388
451
197
643
537
871
644
777
186
799
200
398
284
207
327
242
235
808
388
532
761
838
662
247
270
453
662
601
671
831
600
618
108
823
656
859
702
298
826
243
151
643
733
437
794
755
780
569
652
400
338
260
615
335
456
182
595
130
142
742
129
591
487
414
456
617
325
771
615
401
480
104
530
228
577
357
238
190
217
532
885
668
341
475
281
818
309
766
683
584
548
636
497
411
334
817
593
361
829
571
658
621
830
854
575
709
421
207
609
805
785
710
171
571
799
427
264
343
797
560
215
111
658
326
710
848
630
629
237
486
500
423
522
826
150
633
581
607
247
800
473
277
315
370
151
773
364
134
711
387
828
417
523
868
529
768
564
681
564
149
843
652
683
113
314
514
253
467
286
650
707
192
698
457
379
159
788
405
628
744
144
813
588
430
684
286
488
763
880
765
560
255
654
699
636
197
225
547
355
636
553
397
658
310
843
528
803
304
159
269
347
291
770
117
828
644
696
174
385
493
861
523
462
443
707
473
568
185
271
250
214
475
592
252
299
373
862
252
900
334
854
764
112
636
342
144
626
639
846
199
612
707
626
893
775
133
116
503
286
527
102
817
420
330
493
468
199
871
900
808
850
124
695
309
870
826
592
854
428
538
577
573
575
717
424
873
485
363
842
522
263
426
676
519
283
306
271
690
484
844
267
359
632
234
112
226
162
447
122
615
805
777
606
217
723
714
816
652
404
614
572
860
113
701
753
257
575
786
705
873
202
369
644
631
500
416
262
849
873
176
505
465
492
205
197
802
234
693
257
323
346
398
665
369
128
156
507
803
275
494
708
537
278
501
216
247
540
324
375
556
858
107
863
227
276
817
858
107
198
774
618
343
203
203
153
607
165
672
300
345
875
532
282
171
698
567
588
500
518
504
690
692
820
710
525
286
897
542
359
112
171
579
109
263
436
362
686
412
753
483
364
895
554
131
739
672
597
311
852
636
217
813
352
234
283
647
797
612
262
841
599
710
846
848
619
106
793
746
807
769
869
577
415
830
205
666
716
722
550
670
588
544
299
283
473
193
168
678
461
161
275
417
727
424
640
361
621
314
190
756
876
438
107
428
528
154
374
493
338
656
101
437
777
364
156
284
592
179
429
518
843
247
472
115
784
879
848
457
815
169
803
796
142
325
484
815
174
608
253
135
771
585
255
601
578
764
569
651
195
338
170
579
285
112
324
439
567
340
724
312
468
725
733
461
108
379
145
209
382
115
284
398
163
361
266
460
460
799
441
182
527
372
671
822
756
585
832
349
335
399
330
377
892
170
154
122
177
505
793
127
635
374
762
673
427
860
471
336
809
387
304
179
405
200
628
571
273
592
341
768
446
686
732
262
759
238
861
361
648
667
743
862
890
665
439
283
265
529
121
541
484
352
529
878
512
718
736
750
657
729
277
577
656
847
816
282
520
818
774
441
204
245
309
155
764
372
103
472
469
207
440
333
413
362
631
131
585
508
148
822
820
250
764
832
147
622
601
129
443
393
189
155
665
722
643
732
719
769
454
858
539
158
699
719
309
300
520
277
555
683
228
213
450
732
382
267
703
512
750
854
354
393
458
434
870
784
266
426
609
611
487
347
406
751
699
813
851
862
112
579
574
603
414
250
162
873
346
522
544
212
699
319
350
677
426
143
671
269
867
696
551
248
162
497
243
150
267
873
232
429
839
720
630
878
371
749
437
657
876
739
756
842
230
796
259
160
347
859
146
371
272
752
208
375
754
780
495
501
220
178
542
192
692
785
336
131
466
548
105
351
388
386
117
689
386
748
588
231
657
222
794
531
549
396
214
629
392
562
168
586
682
150
652
513
464
676
270
804
357
891
238
446
430
243
569
460
653
300
415
147
148
227
789
632
781
339
546
589
579
415
426
640
387
550
471
445
452
310
778
505
355
650
317
827
188
826
718
256
240
756
164
822
355
735
365
378
530
564
393
486
876
869
566
277
555
386
594
226
435
565
334
149
325
880
249
196
738
134
862
727
464
691
414
486
807
548
481
491
357
541
332
770
738
580
378
626
113
723
806
638
219
158
266
830
385
358
690
172
223
852
134
452
681
561
274
675
631
418
897
609
129
106
110
253
261
706
786
276
723
581
392
618
362
694
690
683
389
501
540
171
763
490
222
898
377
344
843
262
324
594
857
284
795
753
802
104
267
183
216
576
608
672
518
624
854
344
828
869
669
686
245
596
126
538
585
641
173
426
736
581
312
618
553
661
284
208
467
804
143
595
718
446
758
856
871
428
346
229
209
485
763
845
739
771
139
667
196
478
218
436
408
209
229
407
636
135
159
290
676
676
812
225
432
479
356
329
821
629
344
467
755
370
869
167
532
870
385
467
791
332
571
811
432
412
359
191
580
695
814
141
513
704
686
423
711
860
137
273
516
746
131
736
358
208
631
766
289
418
339
171
101
539
109
453
117
177
900
615
669
491
785
600
200
331
387
412
779
402
726
209
290
384
272
457
530
383
353
628
898
338
118
427
357
437
322
563
342
108
894
763
264
128
318
287
453
283
640
460
620
252
300
565
127
633
265
225
299
420
274
756
205
621
368
545
891
574
401
331
606
678
748
340
700
812
805
178
864
589
105
834
455
848
250
605
795
631
417
860
188
756
285
466
779
180
325
508
581
685
726
724
531
373
758
417
691
309
685
155
208
629
817
681
143
553
281
559
482
850
896
561
704
835
550
652
865
451
296
429
875
791
266
796
576
800
105
754
396
147
789
225
433
504
867
263
567
895
769
218
796
571
460
397
562
445
624
784
700
354
245
556
146
684
899
679
696
775
324
470
357
531
599
608
489
868
337
693
488
637
706
262
520
614
819
229
803
345
106
813
448
672
895
236
674
493
310
175
320
428
255
807
223
854
799
