117
242
130
336
205
813
605
471
148
308
106
236
641
867
178
259
277
317
531
160
298
128
687
290
331
391
692
466
479
299
426
105
435
727
373
725
267
415
559
210
224
764
496
166
649
209
737
708
227
425
484
208
581
229
373
429
205
410
847
277
529
270
125
679
864
372
141
480
606
849
536
544
107
724
395
185
391
176
794
442
690
708
874
384
493
552
816
194
359
848
393
206
212
468
116
453
389
865
446
817
287
538
141
819
472
567
443
688
283
609
436
728
578
656
285
780
152
203
489
123
673
544
318
313
256
837
430
385
715
319
889
103
335
387
250
554
527
876
483
709
237
264
588
762
467
477
201
650
201
540
336
619
782
871
824
354
882
579
847
324
565
757
491
395
245
296
728
683
615
767
689
873
563
741
416
672
548
703
778
480
657
667
529
202
168
248
160
634
813
575
683
121
381
402
227
263
642
355
549
430
795
619
303
229
247
213
388
729
662
668
835
503
887
191
585
855
236
795
391
189
259
217
117
143
114
895
556
148
786
740
222
422
223
371
328
847
246
762
550
653
484
442
886
247
179
740
811
477
124
834
324
696
140
107
193
373
900
156
597
618
708
166
780
450
146
605
542
888
168
421
139
790
651
413
671
212
135
468
712
554
504
805
771
330
478
310
230
176
483
348
512
566
447
511
451
348
289
514
460
135
231
861
248
680
612
659
113
178
560
109
199
295
535
627
836
232
137
291
402
386
222
608
369
476
402
253
163
330
164
485
511
523
873
239
419
774
620
283
237
697
285
382
406
785
766
213
319
384
413
214
846
116
379
715
133
595
193
886
602
518
430
578
414
713
870
733
556
549
138
833
824
121
863
220
543
155
703
109
856
228
205
796
673
462
319
741
678
764
704
151
399
447
504
745
858
460
380
244
146
189
306
345
214
495
601
200
179
548
726
283
619
896
570
311
319
754
641
711
219
501
715
553
244
766
494
581
863
118
643
172
328
764
337
501
833
366
426
304
207
890
356
345
517
578
667
478
302
757
244
867
646
536
810
834
813
426
189
630
866
583
757
158
235
217
691
618
507
235
331
127
179
762
173
395
882
506
681
885
688
441
587
716
534
847
497
311
807
770
505
567
869
800
759
509
731
444
202
625
796
400
302
739
570
819
201
377
419
637
810
589
338
720
361
593
714
330
431
517
251
290
837
599
634
626
432
441
238
556
352
766
821
254
682
499
211
722
586
739
725
428
361
610
416
508
174
127
796
573
834
531
385
276
884
655
301
459
451
573
654
323
496
698
880
822
415
769
317
167
449
686
603
670
876
745
415
547
882
270
524
559
527
278
297
448
442
850
669
305
444
609
195
755
132
728
581
202
640
462
876
548
831
719
237
634
405
574
480
890
710
589
707
335
699
654
592
123
210
872
320
492
388
115
857
152
795
523
297
598
628
248
462
132
606
875
259
858
116
191
178
190
641
252
231
474
673
762
853
234
369
730
225
416
734
505
411
355
319
518
889
804
239
638
805
703
279
161
367
172
764
694
741
890
818
517
840
242
605
886
639
846
556
230
253
367
481
885
631
741
275
664
269
773
454
435
405
796
263
449
594
294
895
702
507
841
261
298
700
754
544
301
520
339
689
445
334
534
366
232
508
888
412
658
837
897
338
740
527
396
774
322
457
776
593
722
876
759
297
810
328
301
699
751
873
868
523
476
784
829
190
266
502
799
372
724
714
825
323
410
377
253
856
133
659
281
143
208
641
805
571
307
900
235
431
662
124
440
894
112
505
513
573
309
829
532
192
197
330
522
530
621
452
519
423
530
166
428
659
860
154
316
835
172
505
861
693
804
535
463
271
331
513
568
121
729
885
729
477
337
292
345
822
789
749
335
156
580
468
761
543
540
646
111
618
494
634
509
625
405
839
679
456
674
249
544
659
601
550
306
304
790
577
642
317
466
255
474
166
599
247
418
718
210
554
125
233
298
592
892
844
654
365
160
845
487
860
809
361
133
512
378
209
702
590
693
444
720
501
131
657
493
642
230
385
484
572
271
225
503
347
112
868
770
170
551
805
741
390
621
503
349
722
484
773
630
359
187
729
531
730
730
163
121
664
217
145
342
342
719
746
401
770
248
769
320
662
479
747
798
719
827
260
709
119
277
366
692
397
159
254
789
442
390
526
869
658
688
759
465
285
460
504
846
449
802
343
168
467
181
122
602
388
508
496
338
616
537
427
181
801
243
370
512
594
511
609
813
570
203
125
127
830
559
292
189
610
638
623
462
895
886
826
489
256
633
757
543
466
743
196
277
295
485
862
643
513
395
185
429
673
259
148
480
491
453
816
707
460
864
370
292
689
833
624
223
730
782
778
210
443
407
758
565
714
340
829
828
876
643
122
414
657
884
470
492
433
155
263
701
102
881
167
446
308
143
463
370
556
219
864
313
653
599
171
760
425
647
163
801
550
818
848
475
141
684
485
509
761
118
241
507
420
660
646
714
663
288
896
276
461
490
871
280
536
684
872
597
388
123
141
855
132
794
529
764
693
851
132
182
335
844
599
460
154
583
360
736
428
249
869
332
692
277
514
489
524
105
184
178
840
603
393
644
381
670
815
545
750
158
628
760
879
461
132
239
108
728
644
264
177
796
687
556
371
489
408
165
713
700
156
233
399
379
687
489
412
516
244
338
866
731
655
405
639
340
567
380
192
442
443
549
827
788
149
630
694
450
308
329
894
689
477
245
410
462
898
701
890
470
620
452
364
142
659
838
250
252
843
557
204
544
392
582
276
632
854
384
119
323
737
696
847
807
273
339
543
125
378
325
784
612
409
460
165
606
854
216
473
148
716
131
219
785
554
530
577
200
894
178
518
446
215
863
202
658
677
423
357
131
247
122
833
828
699
531
603
630
643
774
463
670
247
600
449
588
442
626
827
581
432
111
737
324
546
184
569
840
739
176
441
288
434
122
694
587
152
387
827
235
886
326
284
842
754
362
212
773
372
840
515
216
660
132
879
342
413
404
612
213
899
231
198
797
506
169
372
170
271
201
553
898
795
773
376
824
154
383
290
188
752
127
196
755
533
251
523
897
550
126
764
836
507
679
187
343
251
378
769
379
524
377
167
429
608
179
608
168
313
437
432
672
276
759
660
501
370
714
382
793
466
727
859
147
889
336
409
418
604
264
231
426
647
300
409
444
495
644
375
540
575
324
539
284
262
667
780
128
496
124
104
246
883
601
690
473
531
267
763
577
772
708
711
799
399
143
526
862
296
592
288
782
171
258
625
526
896
138
114
423
602
479
527
806
100
812
768
693
864
252
688
178
790
711
807
860
579
804
715
376
442
631
303
523
100
547
704
195
805
765
235
844
148
560
115
493
288
500
533
667
654
858
681
182
476
810
598
186
846
437
624
345
208
705
727
724
382
168
717
289
552
293
196
363
635
441
672
880
102
773
301
535
166
424
897
118
534
893
702
715
602
768
580
645
539
111
338
272
410
205
235
379
660
881
842
777
672
478
590
354
483
725
386
746
435
830
339
406
808
595
590
610
258
821
528
792
836
559
732
143
860
536
390
703
494
192
815
599
129
449
510
882
430
306
500
712
722
131
759
446
212
531
811
424
268
664
538
138
290
661
160
109
852
688
509
763
709
630
554
447
436
765
493
270
503
542
308
298
878
157
114
556
385
272
258
435
586
838
750
361
146
379
356
526
613
369
418
822
829
110
369
725
577
769
633
676
608
170
633
733
507
457
532
399
132
759
178
382
471
256
745
292
102
163
476
877
732
224
334
743
481
601
346
328
408
844
867
468
192
208
507
639
149
424
122
470
855
601
142
222
122
143
791
681
896
896
645
601
423
593
299
450
108
506
406
149
558
295
777
234
502
503
833
887
252
317
571
103
508
573
239
802
105
173
616
585
550
266
810
826
201
880
334
282
408
255
459
584
806
472
255
125
488
662
754
138
761
688
216
451
889
708
297
207
362
599
295
416
512
594
370
866
618
895
610
150
609
731
276
367
836
887
393
361
741
548
515
362
476
274
870
498
852
497
424
595
530
634
558
793
186
169
285
783
112
206
655
220
767
359
830
728
355
220
313
359
101
166
628
519
256
465
793
617
560
172
525
594
601
310
394
757
332
886
368
538
420
193
409
404
430
115
550
789
107
550
202
681
437
292
840
776
609
844
882
573
357
255
375
410
785
239
154
525
734
712
383
898
660
716
427
377
633
106
615
538
638
890
524
551
374
501
542
854
644
330
347
114
764
398
529
773
850
720
660
219
666
169
126
362
354
286
680
755
891
135
543
176
180
772
660
365
623
421
472
328
825
817
404
178
211
692
103
779
440
357
253
677
346
585
805
511
247
466
584
226
358
168
847
505
803
790
105
175
406
128
827
761
189
201
890
471
130
506
807
253
800
883
742
620
850
334
379
883
879
155
495
325
749
754
571
701
804
547
683
323
112
559
741
858
262
844
332
271
603
191
708
217
241
448
198
683
204
246
479
421
142
257
523
230
212
693
533
307
884
316
219
632
621
841
614
235
