652
587
173
310
768
143
708
356
572
836
676
645
257
883
797
604
602
442
864
791
340
429
600
665
876
837
396
659
884
711
336
819
211
540
398
778
599
453
860
810
582
340
298
747
767
478
629
784
708
102
281
893
150
431
348
669
674
212
585
598
801
611
371
720
170
337
472
586
623
746
120
320
240
655
722
749
125
716
416
310
150
719
501
854
735
552
467
776
656
335
182
397
727
290
130
598
144
207
899
783
761
203
396
716
763
828
611
878
686
221
750
764
613
769
620
705
778
246
817
114
188
753
770
405
645
276
576
209
285
259
658
733
188
127
328
143
750
203
860
728
317
730
135
443
335
183
805
541
241
600
420
168
820
658
520
361
589
232
237
752
356
723
445
252
451
443
693
573
615
597
732
137
532
568
121
434
755
683
274
608
258
820
604
754
344
654
781
212
819
194
542
845
184
666
654
360
153
119
262
414
251
719
737
657
366
363
683
755
554
499
424
405
287
143
530
601
625
182
804
653
841
644
329
161
583
675
457
236
493
286
285
490
459
347
269
406
646
632
581
347
307
519
453
581
677
590
173
442
850
894
767
271
625
827
185
491
830
882
806
639
518
840
398
724
310
899
488
561
135
228
857
280
235
548
382
681
667
496
307
665
535
690
269
324
393
728
174
400
677
446
251
720
680
485
139
623
663
210
860
231
301
309
876
863
144
143
817
432
343
618
487
507
271
272
472
343
581
164
835
365
847
878
759
294
215
417
639
816
325
563
454
658
696
405
566
694
437
342
773
776
803
736
216
633
724
434
679
146
254
814
747
612
109
879
844
288
671
518
675
117
847
499
381
115
285
556
566
145
805
214
376
417
513
265
213
559
408
857
328
250
270
672
679
891
555
354
434
664
292
167
680
246
200
251
554
115
787
478
211
602
863
229
691
488
528
618
708
726
166
777
603
850
795
504
436
863
105
535
863
268
804
559
121
843
521
742
826
217
268
490
813
463
128
103
613
444
542
405
416
554
340
681
778
763
386
234
647
236
246
333
122
506
264
587
867
246
822
704
285
784
532
190
803
115
775
277
496
345
586
283
460
629
251
801
348
605
750
779
204
569
480
626
743
849
501
688
353
422
478
594
457
212
861
370
826
467
814
857
155
227
357
564
377
786
307
847
810
442
683
704
439
466
584
685
514
228
453
751
277
611
338
685
587
646
405
421
836
827
640
441
866
834
309
187
132
893
136
786
217
421
723
846
861
261
418
819
622
249
709
894
174
550
528
670
784
311
213
589
817
496
353
477
795
637
264
472
699
202
388
715
303
642
285
644
656
466
894
848
686
520
495
462
200
696
671
303
861
895
736
696
332
451
186
828
556
329
286
523
736
186
607
588
234
722
819
357
507
450
728
166
452
443
291
254
476
334
352
316
565
702
499
365
869
421
429
694
663
865
452
816
537
303
351
659
608
296
791
190
578
680
148
364
793
497
422
631
748
250
823
727
479
812
636
377
254
778
841
563
635
404
788
379
885
542
589
744
473
755
248
894
616
419
210
582
564
463
605
497
302
704
829
486
688
156
560
344
365
433
790
619
438
454
128
898
746
601
379
639
518
856
317
238
529
713
451
197
630
187
325
621
868
203
138
891
117
782
315
800
205
749
179
769
440
240
818
586
713
366
241
691
250
186
627
734
259
193
577
616
657
167
313
504
342
840
807
761
599
296
108
328
604
109
623
841
594
254
429
250
423
630
891
364
694
319
763
894
251
306
839
498
429
713
358
275
277
482
441
293
182
762
607
151
538
263
279
512
797
425
601
273
803
159
391
524
548
142
326
282
572
503
305
654
159
255
248
189
791
567
379
643
740
551
655
198
344
204
303
847
778
601
432
856
872
838
762
783
790
410
281
342
529
681
686
772
385
232
318
632
174
821
772
202
694
843
842
500
579
565
191
639
680
596
824
157
565
571
361
577
611
268
489
721
633
249
789
209
329
503
328
217
674
642
689
828
173
856
246
243
342
580
230
483
896
584
585
602
444
773
704
322
347
373
696
822
349
799
345
779
774
446
555
332
885
145
696
316
543
446
522
380
732
322
708
705
883
697
861
200
282
189
179
691
891
884
890
643
413
688
370
392
869
880
180
390
625
413
154
332
350
125
263
148
329
510
721
445
822
640
809
407
400
182
454
586
503
727
564
466
678
359
886
538
868
608
588
458
587
128
666
145
402
388
464
776
570
343
334
732
542
628
142
447
289
678
447
439
378
184
788
780
628
642
288
727
263
706
495
339
526
187
641
495
523
533
560
120
187
318
532
477
451
684
369
329
637
747
162
175
554
495
418
372
683
819
460
216
127
361
745
395
420
445
287
744
297
258
781
255
456
219
326
179
809
420
343
331
641
356
129
270
887
258
441
473
521
665
533
296
833
127
602
366
823
191
262
540
334
868
476
777
157
404
467
724
748
633
837
895
878
812
491
296
725
464
828
705
172
546
118
643
747
215
697
393
145
564
529
589
614
106
674
397
243
569
810
704
362
738
380
609
769
360
112
553
688
261
887
268
745
210
459
822
212
822
879
762
269
377
174
460
769
776
493
755
719
582
857
478
251
626
297
142
679
775
818
625
330
497
439
222
142
202
424
213
480
250
306
211
399
135
304
450
734
182
220
284
217
158
316
695
104
324
172
327
665
755
718
347
780
805
698
248
194
843
803
132
550
557
139
718
174
204
804
110
723
641
568
149
795
245
268
333
717
381
514
611
432
701
257
168
283
280
210
147
889
787
566
589
338
167
528
313
610
623
797
164
893
761
875
328
391
674
713
872
314
687
332
456
517
672
454
216
566
733
699
277
721
259
511
598
647
810
639
814
613
293
150
642
208
107
706
179
498
619
148
632
129
774
380
872
485
690
497
365
226
101
638
528
337
739
103
447
432
499
719
853
136
165
501
679
811
663
124
425
164
247
302
542
896
789
604
282
821
524
212
538
239
679
716
531
631
405
646
681
678
532
765
402
667
494
786
606
105
865
747
795
583
238
871
137
432
501
723
316
689
691
781
532
167
411
325
699
555
205
736
608
782
582
403
550
551
114
880
301
288
233
662
584
504
257
778
827
111
534
104
856
801
279
801
664
108
605
498
309
139
177
682
445
218
315
822
892
106
683
159
727
503
898
695
540
854
749
225
357
196
622
648
704
579
287
120
398
278
633
712
498
682
740
267
533
113
822
569
856
878
802
296
846
707
870
659
682
110
400
847
282
775
297
865
806
224
890
304
317
251
415
784
710
755
452
684
837
717
572
334
733
801
114
813
100
476
162
212
634
101
630
677
351
562
632
508
355
669
893
706
875
852
160
552
796
173
784
573
201
719
167
206
211
335
555
875
766
808
478
639
454
538
679
752
423
542
295
390
119
429
465
835
359
152
558
587
488
757
515
395
226
415
317
354
368
192
688
225
245
841
405
551
663
424
106
714
610
665
340
311
793
634
130
595
552
346
684
389
432
485
616
552
112
590
767
401
845
172
772
509
562
264
134
690
333
436
354
263
199
843
383
388
728
690
201
753
493
107
542
895
521
359
130
668
303
522
627
116
141
722
623
218
204
174
472
778
561
179
721
332
599
596
652
701
441
165
290
820
339
579
759
408
268
462
651
511
733
236
606
320
858
469
501
891
832
661
726
384
407
630
180
491
830
272
794
820
347
368
272
865
317
262
762
381
766
390
811
338
427
287
159
751
326
781
403
313
687
608
416
526
868
314
526
351
192
556
210
827
772
285
566
858
626
694
222
759
704
116
509
500
519
532
889
651
775
792
359
869
653
770
444
228
638
385
672
566
853
355
198
413
636
459
590
750
218
389
402
159
196
749
740
480
784
801
555
294
547
529
364
526
761
151
366
291
207
310
462
559
806
573
138
476
224
734
284
784
716
418
140
679
722
582
470
638
376
357
199
185
177
763
894
334
529
678
143
126
506
692
374
396
463
205
126
837
486
428
171
400
340
731
180
531
130
889
235
519
628
761
446
872
494
216
541
110
215
314
712
479
181
658
419
621
114
246
784
548
805
228
827
858
878
486
614
600
288
438
387
135
258
574
719
165
852
263
310
369
696
426
278
739
355
601
702
398
600
875
235
551
536
588
284
489
221
635
435
263
680
281
691
787
318
224
393
241
246
267
503
370
533
664
477
497
152
640
138
847
732
817
323
853
353
747
117
127
125
406
260
115
129
212
248
516
597
575
538
422
532
610
500
725
808
457
604
605
102
335
481
381
811
735
150
469
235
538
837
825
559
643
385
189
488
708
107
756
464
881
572
597
525
734
619
827
183
860
425
110
211
499
657
756
398
719
750
359
811
172
868
713
108
318
675
329
793
771
228
302
173
792
177
759
650
489
735
852
299
619
724
879
113
335
870
578
710
189
562
676
681
287
753
507
236
848
771
587
294
806
579
533
274
865
760
818
372
143
807
779
219
522
180
250
130
492
878
488
620
519
187
277
687
130
450
183
252
225
255
757
592
468
501
467
215
338
476
361
212
567
317
858
612
171
238
273
221
445
248
844
376
637
785
297
497
811
362
149
550
896
757
178
155
580
355
493
426
613
275
111
522
458
245
512
867
850
256
598
644
475
541
549
647
575
501
653
587
610
397
390
336
471
130
680
223
469
313
439
285
449
589
658
213
714
493
299
160
136
529
870
291
791
653
512
392
791
425
133
248
715
556
135
735
757
137
795
631
450
323
648
167
729
547
166
748
670
706
399
743
155
681
722
871
825
617
347
126
140
547
670
432
335
191
249
793
141
847
164
607
100
244
881
161
599
638
492
218
265
462
686
534
547
620
839
841
627
364
186
130
764
469
393
235
430
500
751
816
843
194
899
705
320
900
565
506
207
178
721
279
668
578
818
160
396
788
883
280
420
585
141
137
445
192
303
138
330
292
284
471
123
859
574
870
739
699
818
600
579
673
301
627
610
516
557
638
513
263
366
718
433
684
179
535
852
208
772
882
551
860
183
153
314
411
366
826
466
421
604
859
680
803
610
306
513
402
231
122
152
828
885
612
467
366
172
781
275
868
474
422
773
561
337
786
227
644
274
734
611
204
618
562
731
495
400
293
790
189
169
756
334
155
736
900
566
226
713
623
501
883
665
855
306
576
793
673
474
480
781
107
488
873
395
190
305
100
439
172
602
546
531
469
379
105
534
670
344
557
771
877
161
703
549
667
130
462
223
169
775
418
434
889
420
539
266
325
781
813
564
693
783
292
749
739
612
304
376
272
560
209
544
863
474
145
896
403
704
313
732
317
835
293
273
444
810
343
276
279
172
727
461
170
327
557
628
457
859
761
235
588
165
556
165
309
382
222
344
375
255
258
500
318
888
620
262
428
819
707
870
345
194
446
900
356
267
186
730
196
668
724
144
214
643
219
497
704
792
333
791
648
780
812
361
725
559
104
320
185
749
111
247
713
358
362
448
516
502
462
766
594
601
382
388
776
695
773
538
639
793
356
765
595
167
518
807
739
694
108
859
510
534
539
773
246
250
146
497
758
102
413
466
600
621
373
638
233
130
331
728
231
898
842
863
236
143
744
856
763
663
804
201
388
802
419
237
392
783
727
727
581
197
325
391
306
392
843
836
799
146
432
281
458
179
509
863
481
504
510
775
536
716
309
554
822
277
389
803
269
447
800
743
262
184
534
318
213
868
211
485
183
472
589
731
358
629
536
192
365
882
310
771
283
734
885
239
522
729
377
855
754
661
238
543
132
747
611
641
251
858
301
559
251
793
457
341
711
503
416
469
277
821
730
549
102
528
223
223
535
208
844
193
213
102
320
682
596
337
791
292
292
483
789
888
245
816
473
623
620
740
766
737
470
608
636
670
261
474
114
810
314
384
429
571
204
643
873
807
228
353
186
732
353
728
356
587
652
733
412
724
385
842
221
312
138
382
348
852
305
172
610
386
176
819
828
898
444
107
767
528
626
608
407
252
345
818
457
525
766
394
449
116
550
647
805
122
258
321
548
618
354
410
330
300
311
431
692
144
227
722
247
568
262
375
577
224
243
682
509
298
393
440
212
808
326
715
545
421
275
780
839
822
598
266
762
214
603
264
363
459
281
492
659
526
710
420
452
563
728
293
662
240
586
437
312
130
649
424
210
861
834
185
515
898
130
865
838
125
271
553
570
405
275
210
670
246
699
350
358
232
775
786
758
384
500
789
692
447
337
641
750
218
818
284
302
560
825
676
340
178
610
192
512
554
346
801
141
703
585
723
433
897
345
506
780
308
651
530
532
480
467
850
369
687
602
705
729
553
899
475
170
458
266
465
136
125
304
280
647
706
715
314
417
354
705
313
292
871
887
302
312
344
559
318
598
385
592
107
814
411
839
235
218
371
466
687
400
210
659
644
516
377
251
532
627
530
214
627
841
571
733
819
193
414
514
173
110
103
469
217
812
571
334
424
155
138
717
228
795
835
854
103
751
442
515
757
216
563
862
649
577
215
233
362
755
516
261
636
565
295
627
405
563
820
125
718
591
717
809
671
228
465
306
589
246
168
446
586
376
564
316
329
326
702
270
106
152
744
140
324
579
701
274
281
299
131
838
186
301
870
577
713
301
741
413
861
564
202
201
715
638
837
373
245
644
188
443
297
836
160
891
213
214
104
302
734
601
323
289
881
861
711
449
880
747
424
548
227
353
231
513
497
518
536
148
437
844
265
208
285
212
624
652
728
874
349
418
282
104
352
415
812
254
183
478
878
896
703
499
272
513
573
718
468
223
650
540
775
272
340
316
135
774
531
450
417
720
572
485
615
544
391
305
399
540
345
623
718
275
763
843
226
591
785
800
547
760
805
688
878
506
655
637
114
420
222
371
516
796
775
816
461
235
790
732
322
847
502
494
668
743
332
230
453
652
896
816
429
345
471
379
526
271
163
135
624
111
803
506
636
451
244
313
437
253
325
633
848
241
149
524
799
336
412
650
850
547
677
808
818
884
469
781
282
715
325
146
860
619
542
805
221
597
115
597
303
700
172
251
355
743
381
622
118
781
443
270
655
307
676
855
684
802
718
140
421
880
310
491
367
389
545
786
568
167
470
721
855
229
271
117
772
247
157
466
245
296
548
474
783
370
737
390
747
534
539
480
270
379
297
156
546
784
138
636
807
544
218
860
590
542
333
512
396
362
166
829
216
385
479
840
791
207
428
773
610
586
652
627
890
782
660
753
325
485
864
406
715
748
369
735
264
547
788
509
757
514
292
292
499
353
862
788
179
103
713
896
260
551
566
165
208
335
827
709
703
553
769
606
560
284
720
881
501
513
735
154
128
176
649
186
169
692
227
649
466
900
889
864
179
737
292
162
263
516
554
642
503
641
722
464
117
274
295
295
117
858
412
678
835
577
107
580
768
322
113
777
288
604
174
618
373
465
848
555
878
757
360
877
499
888
458
281
361
725
163
893
844
842
558
273
272
668
297
591
557
521
635
247
396
224
697
822
147
341
601
668
717
186
154
697
238
437
587
459
674
663
445
738
372
246
719
769
550
846
206
296
365
267
164
117
175
147
531
177
607
169
812
609
536
725
193
338
193
598
484
852
351
434
776
878
892
849
254
515
141
512
141
173
370
498
669
505
262
302
218
848
291
189
723
524
900
760
429
825
229
171
322
415
794
371
119
362
535
708
327
323
664
425
805
882
141
636
116
246
660
109
264
738
570
605
408
295
226
802
449
851
124
651
769
737
513
232
894
372
669
201
826
700
797
777
653
337
588
349
682
760
664
519
833
277
488
118
671
122
142
868
107
171
878
224
634
515
375
856
247
343
555
223
213
859
742
800
500
605
499
473
254
106
436
816
460
198
836
399
210
372
335
157
404
286
429
388
482
491
677
406
173
418
768
748
394
151
478
536
424
445
695
215
457
403
156
491
821
578
387
557
869
109
865
172
682
139
214
132
309
462
789
435
165
484
293
895
300
524
597
382
764
414
662
377
335
505
743
663
108
664
108
369
387
636
285
744
397
195
583
399
818
352
450
472
393
696
439
239
131
143
734
704
724
579
413
728
619
204
556
347
895
132
274
505
765
873
593
233
339
706
852
266
108
303
229
715
536
616
867
800
459
743
386
777
532
475
685
508
693
612
112
417
407
837
222
112
308
742
453
545
641
330
644
238
404
249
734
151
802
692
571
779
867
312
825
613
664
730
826
321
136
724
298
812
266
190
444
704
299
287
411
202
445
725
713
465
722
512
615
150
866
295
481
121
267
423
225
373
316
849
688
261
351
587
710
442
586
763
755
320
490
697
730
631
366
609
140
603
785
709
723
836
465
271
336
358
423
318
754
413
600
839
120
141
775
561
263
586
444
243
851
344
691
451
110
712
606
650
413
789
232
793
878
762
369
139
123
317
263
578
652
813
384
489
194
199
662
828
607
449
575
429
275
581
682
676
799
204
490
535
439
348
284
151
866
225
232
695
399
438
848
736
569
635
717
218
675
399
507
188
646
666
453
698
403
110
722
279
495
623
240
301
262
501
101
769
715
807
548
805
350
446
137
329
678
672
143
384
760
232
762
780
102
598
475
791
146
432
424
750
751
402
110
775
102
833
134
860
215
485
614
870
386
146
521
303
709
337
882
335
196
509
885
551
412
367
806
812
806
365
167
254
707
822
720
100
377
195
171
155
542
785
292
140
325
278
776
415
730
162
594
807
749
350
836
242
240
557
880
545
840
218
208
174
577
520
301
197
393
340
754
658
244
447
752
136
813
858
105
474
726
381
427
567
506
318
883
443
899
870
656
875
753
564
828
190
493
824
584
840
320
258
277
379
690
893
252
890
555
583
875
118
632
821
475
502
305
286
125
817
582
829
532
275
244
484
217
554
225
437
128
448
257
452
412
681
348
666
436
837
648
699
610
329
433
243
720
486
146
245
502
580
693
192
508
668
637
572
258
698
262
591
374
219
847
635
164
772
463
643
375
855
185
878
325
144
781
722
448
729
798
597
779
676
747
263
515
229
513
551
393
165
213
602
399
832
267
300
738
500
225
214
655
827
427
755
589
553
726
167
549
721
328
811
635
760
144
173
695
361
144
755
648
846
567
791
251
548
340
263
496
713
723
855
522
337
271
393
881
276
376
843
144
176
294
194
706
205
720
368
602
641
847
784
292
626
836
105
576
708
205
490
299
534
244
426
820
320
833
304
339
318
479
430
716
775
131
642
430
592
607
512
495
617
387
207
792
584
324
165
252
702
718
294
238
685
271
159
199
878
751
402
497
366
237
852
784
577
136
129
818
485
705
619
475
846
463
363
840
205
566
385
408
383
253
167
899
632
855
304
810
870
567
269
723
576
726
207
879
119
339
713
724
544
800
138
442
199
498
381
482
816
747
650
530
762
156
326
404
432
376
480
240
482
383
305
327
861
311
593
724
796
499
241
736
418
455
597
541
575
529
418
859
455
210
428
672
463
626
410
426
439
731
357
432
847
767
326
437
577
750
196
653
275
826
286
421
683
455
623
123
647
772
143
685
273
176
795
267
666
142
269
624
679
427
570
359
314
868
665
419
133
532
178
810
578
457
432
581
518
190
575
716
347
276
506
449
487
317
772
184
410
561
893
859
401
472
729
599
346
315
565
664
405
705
670
167
150
881
389
378
714
842
335
491
732
375
578
239
767
749
681
593
559
206
437
692
268
853
530
356
226
594
147
206
310
167
302
483
441
366
510
872
714
282
248
772
435
795
638
809
694
361
737
831
371
743
837
661
197
579
573
399
726
779
617
793
674
628
817
877
583
534
554
869
269
730
627
494
266
373
345
491
610
507
393
456
178
592
520
310
427
809
680
187
565
487
130
734
160
337
653
656
696
423
464
555
721
254
833
372
831
457
881
849
871
457
762
834
704
268
607
190
754
314
672
348
741
293
849
757
333
353
110
427
720
714
787
682
205
756
484
255
457
823
303
353
340
527
209
726
862
761
341
183
632
581
437
342
735
583
730
112
319
308
634
238
848
413
151
415
703
327
391
521
795
644
819
310
130
545
667
203
408
205
294
138
530
313
594
335
864
622
432
320
848
556
709
550
386
461
641
563
435
728
640
419
853
172
384
757
261
228
834
765
378
742
862
609
266
900
815
507
190
807
323
581
355
743
883
603
477
554
502
375
724
615
232
186
159
241
444
822
146
271
237
108
359
325
730
249
563
614
561
640
668
644
495
453
480
882
839
256
656
171
144
828
293
510
514
394
415
308
733
256
775
225
472
650
744
764
365
665
830
318
739
482
292
845
116
116
105
475
853
504
805
283
580
362
565
186
112
535
894
133
845
712
587
847
532
871
691
470
212
182
574
807
180
593
274
873
484
653
412
668
292
281
520
391
815
318
554
277
287
481
778
288
722
538
481
125
464
270
796
523
190
518
332
797
637
310
600
375
835
622
248
379
314
676
237
213
429
100
592
406
836
868
245
385
649
665
362
779
767
128
705
770
485
283
636
531
588
810
608
506
464
366
320
270
499
172
618
353
303
537
470
566
623
261
556
757
641
743
842
667
659
655
594
456
251
407
773
322
858
551
358
351
253
571
803
481
145
670
297
502
636
693
645
253
658
837
460
798
689
363
551
600
353
650
113
129
778
770
501
654
435
628
199
660
596
170
823
611
144
291
503
444
374
477
715
234
226
507
688
153
707
500
127
769
535
859
380
190
757
354
236
494
107
663
810
148
275
248
101
827
684
645
542
818
362
101
187
815
768
376
587
699
542
532
181
431
102
230
252
826
307
653
624
674
765
169
175
512
755
284
377
824
429
428
606
644
775
587
812
207
832
517
207
680
353
303
327
784
422
252
617
150
894
449
436
613
463
611
852
287
771
288
147
461
798
322
539
585
392
809
447
489
516
318
577
449
676
768
280
781
584
894
867
700
518
100
630
296
347
485
129
220
431
471
166
791
234
860
742
132
216
895
327
862
347
171
429
495
167
193
518
829
352
684
785
828
390
295
860
657
128
231
553
740
638
512
504
728
357
680
596
412
135
480
680
840
705
219
312
496
716
635
404
307
635
607
321
162
567
889
156
284
619
287
771
879
108
167
889
720
250
772
502
131
370
598
564
549
115
414
885
178
248
161
615
534
658
506
658
418
428
279
358
697
273
418
726
351
180
627
410
584
637
400
492
130
673
363
542
867
174
895
604
186
412
432
341
222
677
785
164
358
122
217
685
719
845
558
430
825
307
102
293
306
581
757
379
354
791
118
634
651
347
532
267
727
714
167
324
220
548
832
615
206
427
261
760
652
889
342
784
251
237
881
663
105
772
435
220
698
626
728
426
575
135
452
278
842
834
712
588
806
647
194
394
268
437
107
408
304
743
254
360
846
644
396
337
624
562
485
746
730
834
866
695
882
895
380
584
453
829
562
900
682
358
238
325
574
122
607
623
140
751
172
411
858
527
214
296
888
259
686
575
707
137
702
202
832
772
713
718
307
327
355
397
449
412
889
325
467
737
820
399
508
316
163
466
559
694
826
652
400
807
720
891
798
452
252
886
491
568
531
701
326
815
176
458
491
836
657
314
341
219
770
691
691
736
458
108
874
320
688
753
231
886
502
641
156
411
167
673
385
138
814
894
288
780
224
839
150
274
143
424
616
654
651
116
253
782
604
210
879
594
450
447
675
695
346
128
560
892
421
873
172
533
308
187
875
873
791
733
201
288
319
178
582
240
602
603
334
124
502
405
344
773
659
546
775
275
581
891
270
134
868
899
179
383
764
193
523
184
796
725
857
253
556
624
465
289
421
426
365
780
583
144
535
203
887
197
556
640
369
160
165
899
895
448
812
621
458
806
626
556
102
577
442
470
132
539
392
829
804
444
842
574
744
504
434
775
830
493
478
446
145
193
235
307
210
663
130
404
217
535
482
700
871
760
635
663
337
895
614
348
823
207
404
282
151
562
154
767
284
759
852
744
410
190
821
789
667
748
383
392
314
717
155
300
673
335
693
305
245
631
770
814
189
887
872
625
425
179
690
403
821
793
109
763
775
468
486
453
399
558
108
287
685
786
111
801
403
224
354
764
550
837
863
843
520
689
451
296
535
633
170
774
211
101
338
276
842
227
468
395
238
759
146
797
773
156
641
382
710
859
773
556
352
570
887
647
192
515
613
869
849
229
523
297
688
393
171
256
637
280
241
613
726
546
198
573
341
631
103
750
644
559
560
882
477
391
345
630
195
777
706
889
792
165
151
848
660
805
349
122
626
556
164
803
255
662
155
136
882
764
703
271
101
757
515
257
270
273
536
887
534
293
240
622
677
175
419
395
206
438
307
111
709
855
285
549
612
498
263
417
367
743
743
180
390
629
306
838
264
272
468
448
294
689
892
507
389
476
606
706
194
262
844
759
668
168
269
866
863
265
883
516
745
459
767
705
407
536
528
203
479
243
384
647
594
681
808
238
635
659
585
736
265
842
518
866
123
208
113
853
709
874
759
123
173
451
859
679
242
153
120
788
698
366
677
298
411
659
422
388
110
748
604
246
137
359
756
324
818
697
165
847
429
833
410
105
547
380
150
487
134
843
823
148
667
400
417
268
591
105
191
677
114
317
126
250
303
602
876
633
699
861
842
633
411
671
104
762
419
293
255
879
739
688
458
455
886
157
500
307
796
616
399
178
825
261
515
792
737
535
553
623
457
139
170
129
873
151
270
898
883
704
722
190
193
809
694
356
883
722
153
694
381
885
590
675
739
789
151
489
600
398
715
586
158
776
205
375
371
154
850
628
120
845
149
174
887
576
166
599
458
245
204
113
296
124
668
668
708
442
544
511
757
680
203
552
816
487
613
695
241
810
867
437
344
177
373
353
547
112
501
667
158
560
752
265
672
411
514
760
698
524
774
339
297
385
291
259
819
654
595
632
350
275
366
153
862
760
291
666
250
394
689
660
601
678
247
715
106
496
844
688
520
656
349
590
822
874
137
440
852
177
662
142
728
446
414
257
552
554
822
272
383
813
845
538
436
585
855
729
527
327
366
109
780
616
109
759
481
721
612
214
131
643
851
843
360
794
705
823
564
747
368
866
868
882
274
717
210
832
356
247
400
866
215
214
811
596
333
524
342
377
540
745
121
102
697
275
171
259
581
645
865
300
724
106
567
641
853
830
795
626
460
720
114
269
859
236
637
789
536
738
258
861
200
463
819
432
339
795
135
503
899
756
421
850
415
482
644
512
672
101
451
589
446
413
834
736
162
734
174
174
485
147
126
447
736
166
780
328
694
320
148
527
355
163
740
195
226
771
440
412
615
354
714
488
507
742
282
855
147
513
132
122
299
389
456
116
402
673
467
510
317
584
481
551
199
868
392
514
157
360
820
272
817
776
732
836
120
334
610
582
530
115
171
133
822
846
102
172
592
830
526
489
396
393
751
893
446
268
760
464
190
315
863
836
722
376
817
407
435
727
195
650
893
342
488
356
260
316
703
240
702
459
462
561
313
354
120
564
569
498
860
775
124
445
273
184
694
515
151
360
460
241
659
229
603
450
372
821
363
564
288
272
375
506
863
653
287
216
304
521
792
838
643
663
741
637
477
398
524
745
775
107
898
742
447
481
884
169
753
791
549
207
216
824
570
399
671
237
178
485
205
475
528
750
439
470
849
329
399
616
234
324
606
210
391
137
664
790
820
134
571
653
255
239
449
220
497
175
249
298
142
539
787
256
290
513
355
825
821
649
794
594
694
591
540
265
447
115
178
651
581
300
546
716
396
465
660
824
360
536
610
815
716
689
197
812
207
506
233
260
361
328
405
353
801
694
426
762
590
716
414
462
805
243
567
309
836
457
783
749
651
719
679
654
340
475
138
605
518
231
760
387
178
262
258
449
261
288
844
502
369
112
430
181
584
537
875
734
338
424
325
768
704
529
102
529
267
801
146
646
484
469
151
296
843
547
850
383
621
868
160
249
659
750
623
201
279
316
448
729
165
802
303
154
822
149
743
124
813
886
723
127
886
403
311
575
452
864
241
237
495
783
297
194
208
814
644
283
258
819
435
629
177
684
731
787
299
546
680
575
219
368
388
231
650
591
366
387
488
812
579
649
769
472
311
609
764
683
738
222
736
474
302
104
550
493
577
614
483
330
642
638
693
109
875
702
737
492
203
551
496
261
208
376
397
224
548
272
339
741
570
314
648
266
777
342
185
603
785
437
350
847
166
653
231
573
658
312
137
493
219
271
449
137
834
203
783
805
825
675
466
791
742
274
823
280
529
377
832
724
322
569
120
460
616
815
805
114
714
504
869
216
235
501
690
368
285
141
532
798
436
282
851
580
842
699
563
611
334
870
281
131
557
865
298
157
118
340
517
158
374
847
806
580
598
793
826
893
132
577
275
546
257
460
389
586
226
122
211
576
173
189
857
635
614
526
159
654
591
742
401
303
542
102
811
873
326
738
379
565
816
467
684
484
858
841
703
605
291
894
368
138
815
748
156
561
822
185
866
591
447
154
737
659
209
618
152
836
816
157
126
160
778
587
146
657
864
341
347
329
123
152
665
645
564
282
334
786
507
429
536
726
556
143
138
114
788
317
550
328
798
569
744
164
490
360
302
667
451
216
287
617
880
849
827
499
348
800
459
872
861
590
366
226
594
465
584
365
551
175
839
534
275
635
761
256
551
383
365
258
889
763
420
352
795
834
367
621
648
357
496
277
161
859
341
249
487
716
543
120
827
169
586
780
558
416
889
517
534
792
213
774
132
236
716
194
621
478
636
648
662
255
563
116
116
169
274
454
288
877
493
396
376
126
228
232
709
493
791
365
406
437
565
624
303
529
671
173
878
770
653
590
220
238
576
541
324
556
550
442
266
488
227
610
378
428
389
739
547
715
753
507
410
883
505
333
192
425
716
296
652
147
382
832
369
112
374
226
683
517
565
357
426
301
265
395
664
397
175
373
573
335
188
819
863
309
768
528
780
631
894
342
237
220
345
430
338
185
661
543
669
547
210
529
551
747
398
796
896
847
775
215
557
390
693
829
219
141
528
773
482
728
226
172
546
402
135
393
191
511
314
312
875
303
641
694
595
840
771
509
751
369
217
208
743
212
366
845
401
874
341
554
306
252
264
300
364
672
562
360
167
726
796
514
455
613
868
127
609
574
654
255
161
580
397
222
100
712
196
493
379
612
165
650
420
427
888
497
708
815
221
373
356
325
303
121
601
163
651
775
185
580
339
757
874
309
556
158
215
189
298
687
719
206
113
681
441
426
291
891
354
456
387
786
650
876
247
340
817
141
528
362
116
524
140
646
158
743
551
552
563
114
478
686
760
619
659
487
245
462
193
226
806
373
184
262
626
794
367
869
487
621
880
772
622
723
208
888
785
500
629
715
367
339
733
446
893
382
589
472
220
577
469
435
370
309
840
386
110
284
872
262
137
821
533
181
219
578
597
688
407
691
740
837
240
379
191
801
304
118
881
706
140
828
391
236
243
465
595
115
198
825
344
830
844
449
112
289
670
525
484
735
397
773
527
644
823
629
195
855
705
187
617
612
484
765
860
585
464
156
240
212
366
864
542
152
769
340
544
380
358
444
236
876
619
609
122
344
101
775
781
335
489
222
748
630
232
493
547
391
868
509
369
309
404
276
210
894
189
774
323
807
747
480
598
479
802
843
366
130
828
174
595
546
894
351
104
200
527
438
496
225
249
589
322
597
730
383
340
857
757
723
623
859
500
102
177
208
575
643
544
557
835
403
142
249
609
443
898
296
110
248
231
514
192
532
384
592
888
819
706
378
215
734
620
613
739
318
361
570
340
137
503
741
158
549
894
790
543
547
652
362
411
871
736
584
259
798
405
561
229
776
373
262
194
697
648
397
474
815
394
416
612
356
873
486
770
473
651
673
624
687
749
114
590
673
671
360
783
481
806
503
188
129
243
671
755
622
885
220
569
752
455
679
615
796
777
730
386
406
767
850
792
406
797
425
450
636
765
488
743
284
871
228
355
360
157
635
496
257
863
774
229
303
498
445
830
605
434
624
540
647
807
162
465
677
844
648
343
322
715
633
542
597
587
878
468
146
559
124
825
842
615
146
267
376
559
383
688
803
577
343
699
235
482
730
696
480
171
258
774
540
150
846
478
349
822
133
654
878
435
784
528
533
653
874
211
605
390
842
896
277
443
319
742
319
510
405
736
320
889
175
554
406
375
266
174
293
235
891
677
167
465
788
756
261
571
388
605
610
425
178
857
238
451
213
158
380
699
456
827
795
400
421
824
291
748
754
637
405
291
400
883
279
237
536
873
609
532
672
705
559
263
246
653
713
108
601
294
175
407
735
374
560
740
202
272
859
854
143
645
190
484
201
584
360
857
219
447
892
178
260
435
350
224
852
725
661
167
377
523
660
812
639
683
744
838
468
373
720
539
134
180
511
596
331
536
504
490
823
682
372
541
674
407
288
679
500
780
571
520
527
532
163
707
546
506
609
525
330
887
542
491
874
598
151
542
520
672
442
249
669
172
613
228
406
891
855
167
684
551
752
643
288
847
388
743
623
845
585
633
551
163
169
309
657
545
898
442
769
860
585
573
208
466
517
146
656
880
526
793
856
798
499
778
830
443
697
172
551
556
160
796
532
742
339
870
356
588
483
167
333
647
733
174
339
323
261
681
698
836
731
719
667
420
705
742
595
624
245
650
316
809
204
551
446
245
355
251
748
341
264
111
539
678
791
281
211
816
137
632
483
478
793
655
447
602
513
359
900
769
701
127
583
835
732
465
567
808
417
733
804
275
503
380
476
407
378
121
270
360
716
207
545
517
498
898
556
741
217
582
276
567
301
453
291
578
380
531
522
527
873
129
114
817
571
174
361
575
790
254
325
638
448
268
481
772
214
262
410
889
235
705
254
115
528
505
602
386
484
407
531
160
743
744
424
387
612
297
125
460
173
668
598
766
199
770
207
562
557
574
837
853
244
202
205
732
484
404
631
441
324
479
320
412
245
747
580
518
440
167
653
633
673
872
531
227
431
896
231
200
265
741
531
432
189
217
469
291
628
313
783
212
761
349
276
233
245
572
380
467
512
837
654
199
383
606
635
319
247
843
711
576
301
411
462
549
502
348
785
265
867
104
548
873
589
205
383
221
162
641
559
536
209
507
785
812
218
600
162
552
205
653
640
688
444
427
455
728
892
893
642
756
825
302
869
527
504
576
772
259
405
829
579
887
427
285
708
900
496
438
571
798
760
754
211
389
260
219
564
249
812
205
750
298
383
826
445
250
767
422
796
596
783
299
174
122
452
546
182
421
240
301
520
487
820
470
269
836
305
801
712
283
221
383
416
763
148
766
174
842
343
708
685
533
819
752
701
316
156
439
227
454
740
343
334
416
660
639
561
740
664
592
331
259
205
155
883
357
255
613
197
864
531
227
423
821
395
418
292
838
408
475
451
660
558
464
666
141
386
524
626
426
450
694
591
387
301
145
619
854
165
306
172
709
412
873
310
420
554
890
513
324
192
755
711
667
636
249
692
405
610
700
330
737
376
303
252
756
115
525
360
759
626
482
730
728
586
667
196
179
296
502
398
207
561
460
660
744
493
845
820
683
326
210
567
172
817
799
781
495
348
276
520
595
729
177
101
152
516
509
657
660
634
319
511
886
765
680
241
250
798
805
675
724
794
704
481
379
353
887
732
247
361
871
594
152
676
778
455
700
253
208
768
695
653
846
803
587
344
323
108
679
203
791
890
262
156
528
290
395
224
337
617
362
335
485
784
623
260
736
525
591
582
776
577
848
874
101
225
757
792
541
365
675
865
416
384
204
451
598
548
770
399
138
447
512
137
296
588
233
611
351
229
762
270
480
310
871
605
744
374
145
453
417
480
566
480
639
355
760
250
744
857
104
776
771
725
602
495
101
609
421
817
377
110
250
777
268
879
388
596
610
522
529
479
264
775
637
308
171
461
394
888
517
892
721
526
840
422
379
143
543
479
701
751
364
209
192
163
299
468
297
215
298
166
607
642
439
646
562
354
377
471
761
829
553
602
290
776
749
793
196
183
545
611
206
674
105
480
649
281
821
778
499
287
602
849
796
687
376
171
853
225
659
597
269
111
446
686
664
546
337
551
751
499
322
411
349
673
740
885
433
605
866
560
353
411
733
344
406
195
219
806
539
129
878
595
202
702
796
839
432
446
730
747
678
527
585
307
660
797
365
157
455
271
282
256
483
118
356
265
286
537
301
768
776
760
239
252
177
151
347
416
511
859
893
379
134
752
893
788
131
865
829
197
701
516
765
264
869
111
221
602
577
829
251
747
630
556
655
737
130
234
837
613
555
859
690
241
490
660
779
176
821
782
632
460
823
445
106
572
475
562
773
483
763
215
499
235
552
113
178
559
419
112
390
751
661
816
490
843
585
149
369
816
125
769
781
104
732
639
323
896
845
219
738
520
450
779
701
697
443
534
819
685
206
828
737
346
380
209
683
758
459
278
292
555
482
448
444
565
174
785
770
239
363
125
761
681
718
834
305
331
354
789
156
360
223
215
244
556
187
313
829
364
801
827
431
826
855
456
530
487
106
348
165
569
405
359
645
813
348
370
401
688
325
177
534
477
854
701
423
873
441
590
326
151
152
766
639
418
153
349
632
174
543
840
892
114
608
593
444
114
846
172
206
132
184
787
653
676
795
169
777
533
832
286
449
374
169
213
880
539
688
895
705
680
354
776
792
708
283
132
852
281
524
306
503
495
132
371
458
802
391
161
794
238
244
796
108
453
338
196
287
462
366
383
652
450
571
396
686
561
675
340
669
162
808
418
792
568
857
333
783
426
592
458
335
491
341
507
572
585
675
693
802
423
346
122
860
343
477
842
628
815
780
489
773
898
802
447
847
306
535
576
526
376
172
847
597
783
289
283
644
222
747
369
801
366
488
681
161
703
829
449
491
523
536
446
180
174
282
605
211
469
637
833
689
538
234
894
522
875
853
744
773
320
801
584
886
242
379
875
728
490
716
751
604
137
681
229
443
841
776
754
851
171
197
576
640
358
319
372
726
681
113
725
553
643
289
897
503
410
804
514
109
462
812
115
345
306
138
864
445
372
787
648
167
782
548
430
691
799
618
602
599
354
698
817
826
522
336
125
152
265
687
296
129
626
637
100
838
525
692
864
446
835
411
120
528
153
637
688
745
307
188
390
256
395
569
567
480
113
836
826
132
276
755
472
424
499
146
708
470
132
420
118
224
578
381
666
471
899
626
329
319
717
750
132
285
823
265
829
518
109
882
344
532
140
870
407
542
270
894
230
113
897
730
681
799
374
481
679
371
670
840
798
143
677
453
581
345
592
247
607
531
859
771
598
197
796
710
254
231
205
741
539
495
276
360
820
289
477
443
895
216
636
881
107
116
443
221
108
620
304
243
540
678
446
862
880
628
852
803
126
555
685
267
499
571
259
343
785
301
476
390
187
637
320
299
702
106
615
208
633
605
482
491
160
758
848
900
405
830
457
488
866
836
654
647
224
376
504
164
542
362
865
789
108
813
558
134
247
546
133
778
753
250
143
619
696
763
148
177
572
151
858
166
181
732
120
803
481
329
265
760
201
763
275
414
278
244
480
773
600
842
550
644
766
811
489
472
348
871
800
142
501
709
294
146
134
853
691
586
264
632
225
780
889
680
728
228
301
756
398
548
149
255
573
114
390
497
858
161
487
351
389
663
194
519
150
274
678
877
798
406
414
576
545
504
786
442
267
598
156
266
677
768
176
510
192
748
275
310
104
398
255
703
829
814
390
418
709
760
790
520
670
267
269
467
886
132
807
773
424
370
588
636
514
203
384
327
840
548
466
644
672
205
276
450
437
807
466
514
554
597
385
280
298
748
215
343
794
198
107
798
588
110
861
787
837
370
472
526
798
607
481
750
728
231
272
135
223
167
714
356
384
157
437
253
285
539
181
696
482
513
828
773
683
619
459
856
571
544
699
726
374
620
230
387
468
765
719
327
469
536
159
544
670
467
289
453
210
551
630
350
230
892
862
641
618
790
334
486
793
369
255
606
172
328
581
146
722
622
217
668
552
739
395
392
881
132
333
378
241
267
198
255
158
550
823
221
100
623
575
487
706
321
776
893
141
858
810
183
722
384
689
842
758
629
253
753
253
347
156
788
611
219
553
869
376
248
184
371
232
847
817
204
436
471
290
600
623
872
107
624
228
885
210
476
662
229
850
286
160
438
579
235
882
261
814
498
770
239
873
379
657
676
559
671
775
115
770
288
122
289
117
358
495
687
713
304
656
440
238
680
811
105
410
314
894
597
180
448
245
613
319
144
470
755
208
874
296
726
841
809
279
833
492
289
488
517
887
844
397
687
773
687
163
757
445
589
118
654
261
639
818
628
141
531
461
449
732
718
666
537
590
863
229
693
414
273
515
894
893
818
163
501
598
376
852
513
574
574
633
640
595
708
152
593
567
316
373
611
689
632
894
584
693
254
188
386
491
659
216
568
389
865
285
218
260
390
864
538
552
830
214
226
447
447
848
783
130
241
121
181
348
698
131
600
224
779
636
540
231
549
558
566
532
290
405
251
310
835
622
502
378
659
246
871
331
386
146
472
467
518
413
213
128
409
631
119
144
366
321
639
591
896
373
302
510
640
133
602
810
808
509
615
729
211
397
505
494
473
211
686
702
716
600
377
318
610
857
803
851
840
361
406
338
834
233
399
209
886
739
588
834
123
120
778
611
205
265
627
594
562
309
764
824
280
645
676
140
771
193
420
571
899
822
289
751
349
175
730
508
584
327
457
543
820
609
458
331
662
290
897
253
333
770
199
601
354
241
789
395
328
752
405
273
529
188
757
188
843
632
117
514
211
395
701
452
395
324
510
578
501
586
495
587
592
427
615
308
179
283
112
594
215
352
685
752
268
442
814
710
771
316
570
504
515
828
713
210
873
445
382
157
552
197
325
354
312
197
529
595
222
104
127
722
307
265
133
375
184
488
355
307
697
185
592
451
631
455
332
107
884
104
180
439
501
234
510
671
407
856
668
254
662
361
356
100
327
216
802
379
185
517
755
210
300
251
598
394
338
838
222
549
705
194
730
206
897
252
168
398
714
778
642
860
398
503
853
446
813
855
581
633
458
475
887
240
319
354
465
746
215
618
250
135
191
108
808
283
111
544
802
487
556
689
167
277
558
201
668
570
346
874
374
527
238
179
136
482
485
308
881
823
239
141
363
147
603
554
404
129
628
771
621
496
233
431
424
107
487
487
364
412
347
522
784
480
443
667
653
548
535
406
383
599
260
682
103
719
537
180
504
291
662
608
599
338
135
793
393
564
621
854
876
284
253
416
552
385
650
113
490
140
329
770
579
495
499
129
468
872
656
704
891
507
309
591
566
123
112
332
362
447
253
823
844
355
258
760
505
283
865
879
456
798
169
359
333
379
412
122
129
637
720
193
150
193
515
723
228
897
437
334
100
589
597
432
491
162
471
764
190
406
264
647
570
832
303
513
158
746
511
540
318
547
788
796
689
315
297
680
452
537
768
558
243
688
734
688
227
237
378
410
408
737
357
678
182
685
448
279
419
409
183
777
883
513
291
739
464
261
659
597
690
422
165
369
859
175
251
228
573
180
315
776
834
102
379
856
272
835
458
460
512
151
803
402
474
174
326
173
448
388
311
265
859
489
779
694
752
219
681
712
402
670
718
284
187
658
213
415
829
792
313
135
459
861
513
387
268
311
530
696
473
876
200
456
585
648
722
195
377
724
202
815
863
790
635
642
603
602
105
666
613
310
214
351
818
784
561
650
803
881
591
829
525
192
111
489
609
306
582
653
590
609
358
427
427
850
496
888
193
817
500
335
483
219
289
829
720
815
353
267
639
486
167
373
217
317
252
416
118
263
160
801
138
120
808
360
303
184
732
847
447
574
350
764
577
647
121
780
637
808
783
245
710
865
616
489
435
343
114
849
267
173
215
307
611
350
691
305
456
458
890
137
638
669
412
688
470
632
845
611
380
536
420
778
712
671
760
826
250
224
221
719
761
470
249
121
435
232
888
688
255
668
425
290
679
443
642
886
108
195
509
434
765
546
738
395
187
836
835
389
420
215
827
662
690
766
337
424
205
187
490
644
257
297
798
664
396
390
816
407
389
237
859
592
378
449
175
773
126
322
265
577
270
619
526
552
723
455
743
359
245
793
320
438
208
456
440
734
467
896
479
255
365
105
454
284
306
752
807
506
819
897
877
648
605
269
354
272
321
108
596
496
215
563
469
199
707
174
204
367
222
849
735
886
663
269
155
448
572
796
200
267
254
459
891
168
469
724
459
529
874
772
744
117
488
103
682
452
842
688
656
824
634
501
167
238
158
319
111
441
689
304
193
524
890
558
611
713
417
323
507
664
820
110
469
530
575
272
329
739
723
278
252
894
530
335
708
366
207
182
429
208
482
638
502
666
384
545
716
319
235
526
593
548
613
852
383
468
447
557
217
877
655
250
118
854
590
374
144
273
245
804
175
135
280
463
293
300
842
183
696
473
153
779
476
182
652
693
209
181
243
664
462
212
408
500
656
661
744
607
164
344
689
196
361
396
702
311
128
770
763
382
601
353
642
424
592
681
433
834
399
721
462
605
334
527
890
127
671
477
820
781
122
366
123
190
605
689
472
354
693
296
776
811
711
304
152
399
494
549
278
677
443
270
344
392
325
543
216
368
142
536
333
450
657
245
743
361
640
742
616
179
790
583
243
600
343
356
359
673
313
520
330
467
606
589
124
895
300
799
271
436
601
268
362
391
693
507
344
160
776
541
804
784
212
205
479
220
789
332
392
819
682
213
350
133
686
637
829
869
444
136
137
389
671
584
577
528
491
824
731
669
237
119
164
725
661
832
162
526
597
591
717
438
549
594
322
436
788
106
222
179
580
748
503
786
521
467
587
372
597
516
361
656
424
548
129
203
205
677
496
891
191
339
244
645
258
367
122
342
114
132
258
524
299
529
455
415
439
551
667
175
545
443
780
617
716
447
497
535
503
309
862
731
240
316
759
406
456
560
856
482
719
767
217
292
520
432
755
833
809
873
542
630
453
770
835
773
119
109
713
359
820
242
201
305
644
734
606
866
657
231
874
663
505
202
266
200
333
760
291
265
374
540
281
368
552
609
263
696
526
119
432
726
786
532
774
362
615
449
408
477
426
671
422
152
342
808
336
487
371
243
742
415
555
775
113
308
731
417
581
389
142
431
671
378
627
460
796
520
107
711
708
864
358
128
453
348
175
793
721
617
516
311
778
665
449
877
697
246
502
512
138
844
263
874
201
787
559
821
483
314
141
475
175
447
847
595
465
175
838
596
270
393
854
888
139
408
306
582
726
308
875
495
522
512
125
130
384
432
167
591
834
358
893
411
298
315
710
496
430
413
317
865
589
160
167
634
545
318
134
794
196
182
135
597
134
235
671
865
748
541
701
276
307
258
322
646
886
604
706
186
228
590
428
755
770
686
634
545
205
666
771
332
562
321
887
410
521
747
102
837
117
173
405
570
474
763
684
310
128
780
620
465
647
774
460
584
262
272
566
832
863
645
501
366
143
600
386
272
194
634
496
314
771
480
306
835
309
494
352
205
321
101
579
185
462
264
447
644
142
309
758
740
540
811
445
305
301
244
765
401
483
894
810
736
226
254
890
701
168
212
131
559
633
150
870
619
692
539
318
703
889
890
592
100
783
104
169
660
723
546
836
865
671
278
551
311
521
114
197
163
655
819
752
281
423
159
548
655
246
201
187
153
659
447
787
710
819
378
215
387
787
840
146
833
667
860
550
711
397
674
227
185
539
179
723
252
205
360
567
767
222
232
478
678
376
253
819
652
294
460
376
689
128
101
186
838
233
110
451
275
160
471
419
877
118
279
161
342
401
480
366
680
237
358
353
223
241
157
123
416
148
112
280
270
889
422
666
642
656
671
416
875
397
642
766
251
212
813
726
172
241
535
813
580
140
604
504
447
738
281
161
132
366
451
526
639
167
174
569
447
897
741
328
264
878
858
888
676
624
848
729
350
528
452
578
530
268
823
831
741
722
312
577
240
822
414
465
155
223
311
295
882
223
545
167
782
521
392
394
281
260
294
628
134
296
440
579
749
841
730
131
606
879
490
652
303
320
220
668
505
885
219
430
509
394
494
131
245
699
271
319
305
390
439
479
496
621
739
473
298
476
192
184
393
776
134
119
619
182
222
163
579
456
540
516
224
252
379
176
543
877
815
815
122
273
813
732
815
163
380
112
697
721
793
741
742
726
846
713
585
870
284
253
522
253
224
278
216
296
442
732
491
260
561
722
455
176
857
428
766
850
649
731
547
583
739
853
624
410
304
695
551
204
161
135
564
837
498
815
219
544
557
798
439
278
564
167
182
670
268
882
304
427
776
347
339
777
349
368
183
625
386
443
632
855
547
546
284
717
273
400
710
416
466
770
139
593
607
832
293
106
284
766
574
830
284
729
652
507
615
507
390
556
823
160
861
656
768
539
544
599
491
826
199
436
449
455
778
344
802
517
319
833
560
824
659
332
805
470
370
331
828
450
348
398
211
803
145
600
612
508
533
608
600
823
186
678
271
446
476
354
381
544
758
690
583
888
571
815
423
326
873
488
163
228
441
877
457
454
539
169
843
307
838
508
584
291
660
111
678
232
855
886
814
673
213
217
613
715
228
301
280
175
514
676
864
168
541
587
851
545
236
640
361
863
853
375
702
529
454
459
245
126
528
370
407
168
842
633
262
728
100
105
553
667
511
296
540
717
264
224
608
132
718
879
645
289
167
281
540
517
409
640
291
564
494
214
488
817
470
161
776
612
681
837
134
731
788
667
786
286
638
642
409
658
292
715
312
893
586
388
545
832
543
573
451
268
440
806
728
138
515
694
214
564
191
735
764
531
181
836
554
727
558
327
329
898
768
632
702
160
210
345
125
697
742
812
446
470
593
424
577
364
366
824
827
859
521
532
259
493
553
268
160
882
806
405
271
206
385
369
631
628
356
494
885
217
741
541
835
433
171
118
332
397
812
535
416
264
777
211
851
707
476
208
760
861
117
184
775
536
109
618
365
166
480
518
595
666
281
535
206
437
250
801
558
159
206
646
643
139
215
151
432
647
311
622
557
455
307
145
109
562
840
126
166
618
324
796
733
606
243
159
863
362
159
660
446
261
531
205
846
748
652
400
787
606
359
694
510
730
831
167
604
647
560
577
833
442
361
187
375
658
222
392
462
730
640
471
635
236
755
625
331
716
134
147
618
507
432
675
276
120
119
816
450
781
440
338
593
750
371
246
219
541
241
215
782
524
471
450
767
635
613
786
852
842
530
266
656
597
752
435
592
884
358
128
296
852
294
356
418
549
145
266
693
417
304
783
388
611
867
322
657
339
430
177
850
672
730
104
115
198
406
622
295
694
347
358
542
884
447
340
747
277
753
340
736
574
823
527
703
896
374
800
379
215
742
416
700
544
372
493
164
774
421
367
724
122
402
241
323
709
421
832
752
200
548
584
226
110
129
884
342
795
720
563
773
832
563
358
320
352
385
764
821
141
489
160
576
396
283
352
898
189
135
882
466
590
743
808
895
671
708
115
470
483
208
274
679
121
380
225
683
391
220
666
521
874
289
572
849
403
342
470
153
235
669
549
467
269
635
268
750
236
189
544
216
426
662
845
437
747
490
237
621
769
504
252
163
820
536
285
818
705
112
179
621
219
743
762
354
710
222
349
862
399
548
520
523
210
175
633
192
586
821
712
557
802
195
664
485
441
374
217
379
387
445
511
528
390
601
528
798
376
230
277
162
640
864
349
561
735
184
216
308
226
743
804
101
630
378
828
469
806
870
700
454
134
859
333
741
485
136
118
336
897
877
532
135
713
142
332
681
675
426
702
528
789
201
787
736
118
480
714
800
529
762
454
489
698
702
616
377
563
464
664
660
300
219
523
837
361
615
745
846
578
784
134
318
365
443
219
435
355
260
520
302
689
648
220
656
237
331
478
278
384
605
814
586
404
236
855
659
440
487
202
758
526
414
303
483
647
412
364
444
485
334
149
214
295
456
376
820
590
323
573
100
317
568
230
672
748
427
523
864
708
663
214
712
134
816
853
281
730
152
637
705
427
883
446
368
453
884
140
217
301
657
858
711
240
278
694
412
752
750
180
169
867
620
776
861
500
439
828
524
300
261
274
629
703
194
117
741
842
784
529
356
148
501
802
804
469
139
604
666
315
318
124
520
500
203
835
514
558
750
122
462
837
578
168
639
643
395
148
796
546
779
482
420
686
556
678
355
437
303
474
370
749
457
494
732
865
773
186
688
392
561
815
417
308
371
443
487
369
133
474
560
785
320
583
277
370
121
121
131
154
802
701
274
408
264
821
522
292
348
357
609
513
830
459
207
724
713
515
385
209
893
554
440
580
777
372
747
134
897
407
553
635
102
748
411
394
336
805
509
576
383
474
590
331
271
532
748
519
746
639
691
571
594
326
833
696
633
327
480
812
765
838
495
786
191
235
855
230
368
421
490
651
408
815
420
390
256
720
592
161
771
831
791
646
550
161
525
150
384
535
147
309
546
291
273
888
325
348
697
409
697
802
823
811
372
291
280
151
794
474
243
544
104
238
795
745
556
681
450
506
185
606
711
568
579
398
804
567
115
257
610
212
453
677
438
641
558
744
848
159
348
704
421
703
803
730
192
403
212
671
381
592
216
561
125
425
777
128
314
245
846
648
110
615
134
641
143
197
136
469
157
177
228
643
825
861
676
582
618
419
306
461
368
345
519
399
650
286
884
293
696
808
596
380
527
255
450
491
705
214
258
760
808
836
863
626
214
141
675
241
599
221
685
817
396
749
744
464
420
523
217
622
111
369
102
854
710
886
816
851
578
852
810
585
148
592
333
193
553
338
776
478
144
376
195
413
117
141
625
647
243
829
522
716
431
644
153
192
385
809
442
713
253
415
465
692
649
514
219
237
472
763
311
357
680
267
567
645
503
150
824
348
139
741
240
331
706
288
758
533
472
649
280
606
220
517
178
194
532
804
552
153
409
774
731
806
399
793
838
591
177
352
240
205
657
326
124
637
266
585
856
532
636
388
283
243
519
302
894
463
282
630
890
768
739
810
267
306
112
815
401
900
263
152
521
864
124
785
153
735
173
703
495
530
419
226
362
490
177
327
851
272
809
272
853
372
616
564
713
492
296
840
370
504
159
416
293
892
152
488
426
634
277
427
827
419
883
386
220
100
799
773
640
300
369
643
195
222
776
331
289
145
498
701
613
135
704
723
760
827
719
777
256
749
315
139
195
620
196
127
699
751
728
836
117
621
443
274
326
106
386
300
636
796
634
135
729
196
796
703
779
112
477
463
432
874
123
613
793
746
785
294
732
392
410
404
464
801
483
840
624
501
876
562
210
240
499
476
842
785
862
648
244
730
871
861
572
222
736
828
693
525
478
130
421
321
542
308
611
627
288
750
669
207
833
245
760
503
324
199
305
873
564
291
535
194
319
729
510
728
770
456
338
661
729
285
294
682
756
129
750
633
602
609
541
533
818
461
874
823
486
698
775
257
864
574
441
317
842
436
762
132
865
446
316
453
676
417
606
570
229
880
803
739
625
104
765
260
870
535
853
727
400
626
272
330
662
472
540
682
542
733
556
607
498
339
467
244
467
648
797
380
421
815
433
379
245
846
630
247
196
682
478
103
529
246
468
807
771
538
400
629
374
735
869
620
380
720
223
189
408
458
258
711
313
444
746
624
377
273
651
278
210
449
753
816
142
261
664
386
440
792
870
423
222
442
186
504
465
398
131
661
257
705
143
157
334
662
704
822
426
539
833
550
879
148
705
165
877
512
683
798
692
289
124
409
151
742
656
896
384
257
629
356
509
371
145
514
119
481
478
591
646
420
456
435
795
599
788
787
850
376
239
251
253
185
240
854
690
252
489
170
564
779
872
691
453
276
755
342
484
851
735
646
344
118
711
799
414
202
853
371
812
375
829
814
424
839
704
760
310
867
642
787
751
390
215
545
464
578
721
884
773
469
304
327
784
496
608
734
411
202
388
362
836
150
802
431
895
568
102
332
362
457
167
606
555
351
865
383
310
580
396
493
118
682
201
119
850
201
541
416
336
317
375
748
367
847
532
787
110
285
765
668
228
796
152
373
559
507
794
547
189
667
824
847
140
846
452
724
895
357
194
409
347
556
104
301
408
477
200
228
435
533
899
755
300
411
163
247
184
331
319
560
487
146
305
335
688
267
822
895
808
231
675
340
777
859
304
518
583
882
859
504
618
404
383
164
740
279
693
648
848
594
539
578
809
395
247
279
161
328
663
859
675
203
286
346
858
638
389
139
530
599
670
440
243
399
559
475
818
463
151
867
293
356
116
340
102
336
681
688
630
212
287
296
713
197
873
568
218
436
223
698
265
279
247
779
884
464
173
843
372
371
615
747
873
814
363
830
342
359
469
668
372
407
394
873
653
649
508
486
425
780
474
729
467
702
669
666
486
312
594
745
760
236
244
819
754
316
866
648
165
699
614
178
318
614
320
126
548
118
137
386
547
867
853
363
827
746
533
423
885
524
355
822
375
839
598
459
469
239
811
168
667
502
446
313
572
345
424
205
111
739
645
571
405
350
796
329
435
831
134
335
705
118
775
299
676
623
314
522
806
672
340
264
619
864
551
682
763
712
555
414
469
304
839
388
574
402
227
528
899
131
850
723
863
167
170
594
248
440
242
829
898
427
109
486
389
318
868
854
341
822
365
120
446
480
856
130
761
357
288
711
615
269
799
647
738
167
154
167
206
577
153
236
377
506
496
627
563
587
713
333
247
503
824
193
184
870
797
455
677
334
205
122
758
231
107
310
589
101
201
384
659
445
839
681
758
465
442
391
678
810
793
565
783
591
443
598
324
737
338
192
867
147
568
323
247
401
355
180
497
657
578
637
184
506
302
417
850
708
282
323
810
155
555
573
566
591
208
438
187
492
118
147
261
401
331
331
520
881
833
294
275
552
451
836
782
147
354
386
621
546
776
228
741
514
108
643
266
456
236
317
643
348
133
171
122
181
623
378
720
291
460
730
857
141
464
467
584
434
782
338
671
628
249
485
145
177
560
371
862
312
427
296
133
104
802
826
465
594
773
480
666
357
513
720
139
505
646
328
798
754
451
452
507
525
647
228
238
249
433
371
637
176
248
830
551
186
336
464
803
481
237
339
888
797
227
109
708
577
617
584
747
877
562
230
147
630
326
708
204
600
130
606
109
462
333
754
730
642
592
305
588
395
487
286
759
183
671
520
660
799
799
500
687
490
550
514
624
687
203
180
334
814
680
207
817
261
475
759
585
871
546
529
647
427
567
355
146
631
239
297
358
137
556
851
492
135
593
232
783
614
401
370
505
225
700
793
741
713
788
856
662
297
540
164
711
706
549
745
616
426
305
679
496
416
386
889
124
217
444
165
223
778
477
524
153
583
255
507
830
900
331
370
166
244
850
249
229
856
675
258
106
385
415
406
541
262
178
170
588
114
323
781
554
680
666
491
379
881
586
140
844
132
108
235
381
451
161
834
811
425
823
330
183
340
693
337
487
439
510
870
619
131
876
786
668
251
366
890
861
681
879
195
888
227
302
575
664
831
388
896
552
887
774
101
387
350
202
878
355
207
693
353
360
144
727
487
459
558
422
864
336
856
628
787
469
767
110
619
134
240
516
594
820
694
286
322
374
252
884
474
664
236
120
646
261
336
642
465
697
197
393
889
481
838
240
418
306
497
688
134
813
454
671
239
140
534
589
862
152
475
352
195
120
262
809
457
195
288
870
691
158
539
619
642
288
737
171
516
337
407
554
243
549
462
212
604
704
755
793
717
107
195
562
400
838
509
427
892
220
900
792
760
337
348
256
776
223
745
313
224
898
652
106
133
433
840
231
259
459
632
700
273
872
659
232
305
113
559
864
134
642
219
670
422
837
286
184
335
673
269
412
579
133
751
435
768
178
379
130
463
347
498
821
625
214
474
852
360
445
373
862
762
814
111
479
478
233
451
810
464
372
488
167
155
616
873
541
416
183
709
564
221
811
845
552
546
734
211
539
756
293
533
296
114
896
147
445
433
880
644
382
677
839
365
833
503
818
628
876
311
776
295
886
580
586
710
587
801
398
350
781
105
531
341
653
602
171
728
470
332
109
864
688
439
242
303
419
533
138
761
547
580
826
145
607
480
662
507
136
635
142
828
505
575
847
780
155
894
784
214
299
407
341
803
268
161
887
400
779
816
265
629
745
656
778
600
407
324
753
510
865
464
899
418
377
621
548
790
864
259
473
385
788
890
166
222
752
512
529
615
772
563
475
896
803
809
267
152
549
624
539
151
542
123
326
636
652
864
278
239
809
761
228
157
799
894
705
829
162
385
346
867
841
196
335
376
629
429
238
842
584
561
763
464
853
814
278
685
261
645
429
737
261
150
317
374
326
829
258
434
206
837
204
370
565
892
869
368
861
105
360
576
251
434
832
136
238
545
717
614
582
650
711
295
377
460
508
536
256
828
164
493
117
530
322
663
432
486
758
600
708
598
304
383
604
465
706
240
590
163
637
168
209
294
823
239
438
477
297
496
124
797
803
322
590
261
672
522
492
469
806
356
148
209
376
577
398
499
309
673
186
652
637
140
181
792
461
187
709
384
834
181
163
354
245
172
861
629
372
674
574
457
554
359
709
646
181
316
195
493
348
437
411
637
206
138
609
265
190
372
613
889
647
153
112
181
440
363
173
180
501
669
339
678
831
492
771
694
298
355
308
415
526
749
161
276
271
669
155
414
759
463
706
631
126
202
391
751
488
207
669
442
304
193
878
422
361
459
387
718
490
786
372
849
630
359
568
812
281
897
216
567
711
505
671
673
273
303
143
876
564
750
158
275
664
820
251
711
214
174
171
694
198
603
421
397
651
677
253
499
131
464
452
160
241
775
721
295
883
427
867
362
562
548
675
867
212
722
116
858
188
720
462
192
560
359
566
474
130
546
156
847
170
425
465
187
729
352
247
528
240
630
104
221
618
847
712
702
346
422
396
567
841
473
667
806
428
520
866
599
208
769
756
873
745
692
868
386
761
253
854
356
702
326
472
230
116
338
248
785
571
523
459
897
693
750
783
352
445
613
497
715
667
198
293
584
168
539
760
340
473
851
567
243
717
740
852
104
759
507
262
736
747
838
268
871
212
415
377
387
389
728
613
433
461
213
704
249
785
187
587
127
173
226
779
154
451
242
299
735
550
807
871
174
550
376
651
384
820
360
315
856
627
359
470
482
122
592
717
646
558
629
857
754
528
285
169
841
204
786
728
757
461
827
700
164
894
208
138
430
125
850
237
100
330
414
609
575
598
727
180
813
898
743
279
852
580
234
889
683
740
129
899
113
682
554
764
386
327
646
494
667
346
496
748
215
745
526
272
702
155
620
643
697
264
262
490
317
626
868
723
540
694
512
846
616
244
763
189
359
209
349
802
343
411
810
369
443
714
665
655
218
292
811
615
740
169
540
782
640
540
147
708
228
105
657
787
317
634
831
822
147
369
314
539
644
215
286
329
252
727
241
444
392
428
601
747
649
462
365
703
816
681
891
810
592
747
562
494
245
199
313
674
258
140
757
826
549
894
740
266
269
177
645
840
544
830
143
325
205
649
265
734
515
857
222
522
846
796
203
620
273
204
640
692
426
828
678
165
833
252
297
149
289
655
352
667
825
375
726
254
222
522
191
184
843
382
560
852
511
206
197
645
108
358
220
543
344
310
451
231
658
103
199
844
549
201
249
485
440
259
432
780
526
584
623
530
434
491
349
240
351
431
647
431
623
856
414
430
120
738
408
727
871
202
379
578
500
188
720
790
529
559
826
648
401
368
222
339
539
698
486
194
863
158
602
291
172
325
705
884
636
684
135
760
394
138
562
520
331
504
894
630
461
849
306
454
681
531
281
807
516
774
467
293
748
557
515
140
152
652
381
370
299
824
680
478
218
557
789
172
420
830
195
142
702
180
511
161
776
789
213
642
716
887
506
413
877
803
465
417
866
819
314
107
488
512
510
311
504
335
558
414
319
272
685
653
238
586
809
566
139
865
608
782
253
460
894
312
293
106
280
234
533
852
247
377
837
375
194
189
645
252
835
664
312
696
422
260
652
288
438
781
161
102
835
414
580
512
822
546
158
175
518
508
840
682
786
137
211
238
121
495
800
588
148
627
713
867
456
610
566
580
126
592
571
778
690
412
141
585
668
640
406
572
113
796
508
858
346
263
784
859
554
560
766
553
515
380
861
801
629
504
154
541
669
454
591
270
355
635
143
115
557
770
844
146
355
687
288
281
545
533
683
583
829
557
551
863
401
465
412
651
648
144
171
337
232
877
561
852
389
818
230
654
448
237
396
581
166
331
386
219
280
574
578
686
779
807
807
371
778
224
681
775
842
532
224
626
615
351
339
200
597
714
548
812
343
562
551
583
398
696
149
301
780
712
784
716
762
133
433
828
172
546
712
126
301
558
325
514
111
260
510
723
360
562
634
234
225
119
685
745
812
717
166
267
350
218
318
608
125
107
548
347
625
260
791
604
801
647
608
489
167
762
734
561
655
569
342
147
588
358
413
430
894
890
620
850
723
288
412
829
547
713
246
312
110
878
665
485
649
432
825
308
385
358
747
626
753
634
316
781
197
185
633
772
135
448
657
251
285
581
702
222
457
532
270
892
516
630
221
351
232
144
582
874
319
807
160
584
605
602
656
329
715
198
207
412
381
477
856
450
143
750
686
235
471
544
371
235
462
900
399
550
855
723
177
646
891
755
659
320
482
208
401
577
312
413
138
292
684
366
672
884
869
436
849
857
521
130
576
120
507
129
876
517
745
709
764
393
157
313
772
806
146
498
555
475
426
496
243
872
852
193
365
707
354
551
384
431
699
513
365
445
771
221
710
634
235
525
612
733
822
428
720
748
310
287
332
399
507
195
791
846
736
108
508
566
517
641
556
127
651
211
473
712
493
272
565
394
293
591
102
373
233
172
624
855
828
447
873
424
731
538
381
502
459
235
497
102
534
460
503
397
450
806
229
794
717
724
804
180
237
307
224
137
396
223
115
370
567
805
761
186
322
704
377
821
754
894
440
691
300
762
539
679
826
730
144
898
336
533
479
487
101
621
821
124
781
185
871
868
220
408
821
754
307
872
653
369
223
318
492
380
492
629
124
227
550
194
588
702
222
418
135
707
533
181
787
494
336
564
565
805
738
261
279
608
580
534
379
446
529
488
469
214
265
590
763
333
153
586
322
792
817
538
689
141
464
620
167
736
777
265
271
235
807
850
386
175
560
184
403
685
659
394
562
390
168
416
863
248
123
695
526
122
595
783
848
409
106
190
685
180
233
488
275
580
336
698
287
626
663
278
131
564
141
377
123
423
194
462
748
719
684
656
271
426
703
261
569
400
636
415
400
375
508
334
775
760
693
711
467
830
765
186
260
440
814
729
401
731
583
371
603
800
472
572
579
365
758
241
837
412
477
477
469
174
689
747
746
782
270
327
608
418
516
571
714
388
779
108
576
528
482
126
357
565
589
346
222
275
114
664
769
633
854
557
695
450
455
142
334
298
255
355
717
754
613
765
355
518
581
607
627
696
336
638
640
453
606
888
816
665
869
880
509
279
152
195
878
333
177
347
142
184
429
743
875
472
680
769
829
730
809
497
235
199
790
648
879
826
768
106
705
109
658
624
345
600
724
724
707
153
637
427
790
559
211
395
637
188
429
584
726
104
794
813
523
582
182
630
157
715
109
116
193
784
156
774
834
860
138
517
224
608
520
872
469
577
217
100
139
312
443
649
358
633
310
685
129
213
662
271
746
762
481
559
608
484
376
232
604
695
190
610
430
177
209
159
645
111
601
812
162
642
195
560
433
666
782
720
865
877
248
858
462
633
690
417
165
159
147
694
835
521
474
283
195
772
469
294
415
693
743
519
843
783
281
207
602
771
307
266
585
223
455
892
701
830
141
695
391
551
539
814
755
742
899
735
269
563
722
467
808
873
747
202
511
795
600
690
637
289
470
138
384
376
140
458
233
383
869
123
255
284
840
268
719
192
372
329
613
747
644
119
739
830
828
379
421
290
456
498
366
886
356
324
339
226
812
472
518
126
377
180
230
425
269
479
470
545
582
161
778
159
312
486
149
682
191
835
325
573
723
652
807
270
321
301
354
763
838
411
685
626
541
178
887
610
410
573
816
669
180
529
712
113
776
485
509
879
654
273
570
523
197
583
358
132
579
272
728
847
838
725
705
255
622
309
478
553
613
383
808
121
444
536
584
232
457
110
574
484
843
164
282
325
146
487
409
180
801
331
209
848
231
675
103
470
346
351
131
196
578
107
544
251
673
399
683
200
855
619
853
403
676
545
626
855
683
370
110
348
139
484
415
221
208
864
882
490
738
588
738
467
513
182
815
768
450
736
682
321
535
283
607
369
334
776
673
673
893
721
436
539
509
471
767
174
477
245
496
348
626
674
809
641
735
164
826
247
525
153
834
518
486
233
506
403
623
865
736
525
676
536
326
666
710
456
744
653
272
342
265
513
355
824
362
229
685
391
478
553
127
663
851
295
624
569
185
729
110
619
211
354
507
315
352
651
517
776
787
252
624
135
725
844
168
718
305
553
771
734
577
210
723
385
508
577
158
882
282
726
720
718
284
790
183
871
674
773
319
778
816
525
240
230
187
340
843
646
781
146
131
154
693
353
802
725
345
139
160
642
147
318
765
384
512
173
602
278
649
385
177
131
654
723
741
385
510
181
149
288
480
326
788
620
569
591
801
525
573
680
231
254
121
310
180
157
399
320
452
648
796
666
216
774
521
895
776
440
608
627
793
451
546
644
687
764
723
875
478
348
549
845
859
208
409
422
776
189
738
115
737
691
453
393
598
665
499
679
379
623
257
825
739
620
289
503
300
444
289
874
250
720
528
323
783
877
248
648
791
230
574
600
691
477
152
580
667
198
266
267
379
207
129
850
854
434
201
668
234
286
426
740
301
471
732
502
419
723
660
586
340
771
703
866
159
435
386
528
598
269
165
485
532
399
726
776
820
499
607
169
491
221
853
822
272
215
566
693
353
245
834
543
122
584
545
488
600
635
755
424
893
629
723
773
410
601
394
509
849
543
139
785
848
145
368
796
405
820
729
626
369
128
406
683
400
481
814
169
187
557
870
527
376
242
481
288
730
570
295
709
236
173
312
206
312
110
374
891
760
660
801
598
724
792
851
303
700
284
821
685
889
118
423
378
787
683
138
244
694
486
182
346
786
820
345
851
467
428
515
673
838
443
349
890
822
634
355
372
857
429
632
278
792
766
614
278
495
406
423
696
273
507
621
194
739
195
368
661
623
441
665
272
402
234
365
263
815
429
225
455
741
495
103
545
568
230
401
860
280
846
862
506
245
378
209
739
836
829
784
203
803
599
622
736
589
519
645
312
176
440
246
791
891
232
658
851
181
851
301
478
272
303
546
838
323
578
191
564
686
188
262
376
604
107
221
249
700
320
477
156
804
568
241
682
657
635
504
633
649
733
330
794
340
297
729
460
714
664
800
164
638
729
863
339
138
276
347
711
894
838
894
140
635
621
756
750
172
282
351
772
712
356
704
841
635
823
437
434
182
372
476
843
390
834
210
869
857
555
827
330
390
221
726
528
208
773
473
270
555
546
115
466
353
608
205
300
414
297
736
610
850
453
341
681
411
865
330
451
747
418
245
604
709
251
276
873
879
397
469
305
669
229
754
834
731
546
516
362
393
156
480
540
624
459
135
740
479
208
506
209
868
864
377
772
691
639
472
713
531
596
412
563
396
693
437
478
488
141
266
510
243
796
481
492
102
115
328
410
159
785
465
764
863
702
643
477
716
606
663
710
775
829
589
569
589
147
412
218
131
824
602
403
371
638
829
845
871
700
884
774
128
614
890
247
699
301
609
124
895
582
106
571
141
818
858
376
191
743
684
434
376
561
431
336
430
342
192
251
622
254
332
591
823
778
524
417
237
852
671
282
248
411
319
649
116
621
276
422
547
240
508
618
336
336
108
853
232
219
204
811
454
818
803
444
855
650
624
387
236
192
816
714
696
525
441
458
260
537
588
786
278
157
510
325
360
799
853
153
455
371
275
522
272
104
506
159
825
251
298
310
573
280
677
713
384
339
307
660
484
243
670
566
666
105
623
725
786
481
495
166
671
100
281
724
611
541
761
590
899
715
119
389
713
615
744
587
282
891
378
315
812
214
197
666
362
396
426
253
675
730
303
516
820
401
820
770
442
419
313
185
438
342
727
627
475
244
103
791
114
717
466
849
245
642
835
877
840
629
806
571
512
239
592
824
596
248
851
662
272
310
284
338
326
719
174
248
183
676
165
155
461
778
873
335
107
746
290
351
408
345
110
570
622
279
794
338
260
878
604
864
724
523
740
198
731
662
443
742
240
450
627
560
781
219
734
835
162
722
397
257
495
587
828
871
182
473
768
429
332
543
461
275
469
886
773
723
315
670
195
496
629
146
732
818
634
218
628
360
274
551
806
537
568
900
251
871
682
667
615
628
605
119
673
678
213
877
595
333
526
673
286
572
464
299
279
750
153
820
896
594
441
123
738
147
240
835
481
858
283
532
614
864
486
604
640
691
394
642
111
111
759
859
653
293
139
479
706
544
161
882
442
827
275
475
856
885
151
519
318
613
222
589
166
383
191
228
465
456
614
566
138
805
264
829
619
599
454
244
207
587
722
436
298
507
251
812
137
420
258
871
500
757
527
134
544
408
122
514
527
274
803
270
588
777
218
106
817
103
345
463
595
101
765
638
819
399
244
407
336
864
531
383
512
482
298
234
472
477
579
263
379
565
281
851
328
583
680
467
103
812
623
114
406
840
634
342
285
530
435
118
868
556
815
329
810
828
765
397
760
373
559
799
761
178
425
741
699
288
789
340
525
436
126
569
614
113
150
360
453
651
419
722
206
129
613
283
880
807
113
189
163
174
561
340
299
875
575
453
278
625
798
898
376
805
114
579
526
322
576
351
642
708
728
894
236
272
247
832
834
173
506
101
163
875
265
712
174
108
626
240
178
211
715
596
851
703
806
372
200
398
246
650
492
720
828
411
781
734
757
777
582
143
146
308
250
250
317
267
618
541
137
289
790
104
393
219
753
623
200
633
329
869
227
775
619
448
156
561
169
602
337
397
743
183
713
810
572
198
746
498
469
869
238
422
553
671
889
381
552
564
215
328
651
487
897
302
564
850
273
132
853
641
606
136
113
554
568
668
583
747
186
125
307
865
269
786
287
135
314
606
647
539
526
734
769
675
315
527
299
347
202
587
879
692
373
185
525
360
880
553
876
431
347
317
165
210
740
872
572
819
335
277
629
671
159
526
814
106
579
486
307
366
546
640
842
607
524
590
543
746
813
412
193
482
871
127
840
829
738
816
418
153
802
218
186
444
807
564
526
332
566
403
380
418
460
802
666
832
698
107
749
108
891
728
370
590
689
101
743
475
396
684
539
491
439
206
371
418
775
653
592
661
680
632
662
624
145
542
756
184
307
698
697
525
550
826
263
253
682
657
489
723
709
457
113
176
458
293
784
607
535
584
615
476
392
551
859
849
831
213
357
799
677
255
527
843
258
763
867
210
255
777
379
553
155
889
886
721
811
780
745
644
452
261
140
817
819
246
342
688
708
360
776
358
278
347
205
146
574
263
876
474
876
400
831
277
579
898
351
510
319
332
353
834
536
562
835
507
609
161
830
181
373
762
719
600
787
785
157
781
800
362
714
231
831
823
103
582
722
617
566
506
289
163
272
891
630
318
380
722
113
360
233
638
111
311
351
818
779
234
450
546
306
850
767
488
874
671
117
420
222
551
198
268
414
452
492
833
453
587
839
593
237
389
624
655
301
330
288
836
892
719
551
754
828
584
680
179
335
402
392
133
568
773
612
767
810
123
355
562
771
702
756
421
483
199
309
795
186
513
143
295
576
840
805
419
766
511
845
218
644
194
259
793
226
174
429
870
734
518
357
224
803
118
180
320
655
745
293
703
130
348
308
380
184
692
185
759
414
442
157
380
551
583
203
808
742
716
518
225
352
601
431
880
146
548
788
110
303
445
291
731
233
171
263
344
635
850
707
498
686
121
322
553
344
638
312
406
291
701
159
153
111
155
421
339
500
731
714
898
819
491
864
306
392
269
628
572
263
594
765
556
467
255
560
286
470
853
324
813
314
586
726
883
445
198
190
274
268
413
392
625
558
436
141
259
588
355
224
598
475
289
617
252
140
153
681
734
686
790
548
329
480
608
353
767
267
669
645
699
590
267
176
461
778
793
881
411
488
791
424
403
825
572
634
302
358
610
493
859
149
664
766
367
343
730
344
816
642
425
370
803
125
654
804
580
632
817
556
109
484
343
184
543
542
102
751
807
719
629
672
388
476
596
505
320
728
431
379
672
545
817
779
557
367
815
318
696
770
496
267
409
586
167
298
824
791
838
717
824
618
471
179
292
690
717
816
564
246
852
671
555
316
577
452
441
271
569
163
570
434
605
592
806
854
860
317
204
419
869
899
843
421
779
842
187
580
518
644
367
882
171
348
396
630
800
701
426
525
372
781
122
850
547
606
462
427
225
700
325
499
819
255
420
802
842
802
260
414
781
512
199
100
495
151
435
897
708
669
322
891
450
114
656
292
270
796
641
722
363
196
305
223
761
122
403
656
291
465
478
152
141
654
133
274
697
700
222
423
337
578
417
758
340
183
308
655
808
872
496
570
375
499
421
703
828
748
504
572
675
557
303
342
704
536
660
307
119
292
322
405
592
156
676
323
102
456
480
247
758
279
475
229
164
836
634
882
690
789
487
251
592
615
484
657
658
221
643
277
273
111
650
103
454
655
121
692
290
869
138
899
318
438
638
256
728
576
257
655
743
207
709
247
280
814
573
506
649
804
271
418
757
202
234
332
155
691
693
324
561
897
179
267
676
840
876
351
394
860
192
104
269
568
871
900
647
625
707
839
608
212
442
790
690
671
276
573
757
709
349
840
882
612
352
747
798
749
651
242
725
247
241
519
591
630
876
134
524
322
793
360
420
369
876
576
595
397
324
133
325
203
433
475
669
814
689
285
513
693
173
689
192
776
391
836
663
887
499
182
400
602
401
817
548
344
676
804
156
207
724
827
814
371
580
858
287
594
729
485
719
714
292
860
318
284
707
622
784
307
246
105
748
643
513
463
583
594
261
655
539
124
302
769
336
835
105
106
669
281
626
731
557
199
810
809
314
383
301
473
840
880
868
580
333
781
319
889
598
471
444
295
649
226
240
137
381
357
636
508
588
289
431
847
815
816
731
601
331
226
381
547
153
844
861
885
671
718
237
880
130
386
792
436
681
429
437
739
892
224
430
179
450
655
581
790
156
495
773
300
707
171
893
734
676
102
319
675
654
834
644
509
314
734
479
683
292
809
471
372
829
352
140
680
261
391
531
260
232
574
464
804
121
785
643
158
213
685
105
275
177
651
581
804
258
396
609
831
697
433
339
378
109
586
755
385
900
589
651
282
444
252
877
160
497
742
591
350
341
498
382
842
584
446
534
604
867
120
621
454
266
687
287
293
418
224
282
132
743
680
454
833
898
759
440
790
267
353
453
336
355
492
201
328
699
665
506
732
374
415
271
719
640
634
363
391
264
192
743
897
869
758
138
134
628
119
488
377
742
320
544
402
218
439
226
227
225
316
486
656
396
542
900
599
106
442
304
429
383
109
415
828
857
441
533
193
137
350
884
449
529
301
272
657
888
309
499
742
227
313
417
173
305
101
294
333
849
713
612
397
776
563
725
442
248
726
265
559
327
290
145
243
658
443
722
641
350
317
764
355
305
535
151
191
757
802
231
520
894
398
695
421
241
574
708
855
683
469
157
626
792
327
756
753
223
494
838
190
272
125
549
621
643
478
478
123
380
263
228
544
338
560
211
120
160
865
534
108
451
231
868
725
887
470
204
508
391
726
735
639
541
562
859
456
859
313
203
386
447
522
338
686
176
451
821
884
526
366
628
824
743
675
222
397
768
822
583
508
492
203
864
359
753
463
347
865
617
752
595
850
432
378
686
326
669
265
839
477
885
765
465
468
155
856
211
216
301
166
535
808
590
810
497
427
583
356
466
311
748
293
368
396
389
649
636
446
368
854
183
798
451
708
510
685
382
619
217
569
738
653
806
798
604
304
426
352
716
811
598
156
742
690
472
251
770
524
206
793
451
138
847
477
572
424
165
532
551
499
891
100
362
324
834
232
488
756
748
490
589
778
237
554
408
379
118
578
284
186
668
385
138
438
260
483
134
152
875
545
442
401
758
252
373
856
145
352
618
340
543
728
725
200
813
854
731
178
744
513
295
238
191
304
374
478
197
822
711
356
474
253
890
672
262
546
441
171
860
465
296
663
743
274
449
172
289
723
320
522
181
153
501
788
121
587
242
640
455
759
658
572
556
297
162
738
254
125
449
167
335
469
745
871
190
665
143
249
138
624
656
743
822
125
130
446
558
477
639
111
106
326
561
755
701
604
177
190
474
565
567
213
774
697
492
671
188
278
528
585
534
219
739
755
685
225
383
781
576
627
681
633
338
243
261
360
160
144
387
759
102
231
156
829
691
793
711
534
552
827
487
536
517
780
364
523
122
127
667
130
438
892
585
558
491
107
250
857
268
724
558
285
508
666
114
333
172
131
653
702
610
723
851
281
315
219
711
535
815
277
198
492
595
383
461
446
505
579
499
346
692
566
420
854
842
683
676
316
762
473
878
545
329
104
377
662
754
142
519
707
126
652
764
848
566
540
516
710
677
305
240
868
536
454
512
811
282
745
470
696
889
671
578
141
462
570
256
709
329
650
651
892
685
310
244
678
463
174
234
823
507
269
383
394
511
222
392
180
799
139
598
589
598
345
411
579
799
498
434
859
332
786
607
287
147
818
374
262
686
554
315
336
304
796
729
117
478
563
767
786
470
401
116
420
242
476
566
320
841
762
731
499
892
354
211
870
684
348
290
648
121
627
120
224
110
366
594
657
192
116
730
600
712
126
754
265
811
837
751
161
630
619
367
794
167
362
598
581
561
764
218
512
759
536
319
857
141
391
767
136
632
325
489
670
763
167
851
249
298
501
830
607
227
672
541
198
516
778
405
261
280
622
620
307
131
260
796
403
389
485
433
509
549
829
319
417
709
457
253
339
474
305
235
468
412
756
615
474
900
560
133
321
756
557
850
488
125
710
468
646
483
719
778
620
203
691
741
142
673
636
127
526
397
695
749
592
277
893
524
200
391
629
377
302
607
781
486
229
133
409
417
156
131
226
784
852
254
286
178
434
532
479
175
235
660
792
764
803
502
691
383
815
653
284
454
417
253
408
749
411
840
345
155
719
718
105
858
886
170
764
513
196
890
772
635
504
339
385
827
646
285
125
551
575
745
844
247
524
796
430
272
558
525
220
183
167
772
869
803
135
881
870
402
731
766
355
345
395
508
858
885
517
334
159
657
835
828
236
517
700
717
140
624
863
653
535
275
425
861
646
409
831
280
659
212
825
271
671
779
385
677
162
595
565
405
271
489
125
633
169
422
822
480
401
366
148
787
503
398
783
697
833
646
570
356
540
751
147
820
395
256
614
161
207
609
236
701
587
641
888
356
752
221
846
524
573
159
587
365
810
628
850
469
176
261
810
829
613
209
555
627
340
220
239
119
543
470
881
196
411
554
275
535
565
194
137
320
157
320
432
282
401
331
446
584
821
581
687
535
311
787
754
797
841
873
306
330
544
815
140
422
888
828
452
535
638
205
429
265
655
184
442
474
102
354
307
436
720
357
844
430
345
764
406
755
601
726
865
721
547
276
464
751
748
382
302
807
324
599
790
424
755
694
360
253
831
407
537
689
862
734
131
196
108
732
261
229
493
507
524
400
273
428
720
729
490
676
819
786
362
741
882
795
693
744
542
661
653
570
851
622
790
772
137
843
782
615
635
722
264
771
437
268
846
821
580
876
181
607
292
885
814
798
556
497
306
117
186
225
324
634
858
156
103
885
450
889
102
233
568
520
343
640
144
830
672
891
557
792
839
715
319
638
443
310
880
822
642
880
200
853
717
732
675
719
813
894
212
165
283
651
140
883
143
389
450
131
591
753
696
309
245
518
269
459
667
767
690
408
868
433
636
765
441
437
109
552
256
679
407
666
508
575
818
343
773
511
537
100
332
170
735
321
624
300
358
443
250
558
300
850
423
757
685
265
763
551
180
364
797
416
204
425
507
479
696
603
454
109
500
771
552
657
537
754
340
118
231
243
688
468
523
487
280
210
653
671
156
387
664
820
347
127
150
310
530
597
407
644
419
441
636
859
303
730
731
463
133
219
707
834
683
314
591
834
494
827
343
781
123
409
344
549
535
177
895
620
184
311
641
476
470
178
365
560
133
202
321
348
877
667
225
145
131
182
166
602
565
501
508
330
748
129
376
318
239
845
227
717
326
389
465
744
360
459
738
190
857
693
633
845
424
167
585
146
607
325
894
583
828
181
871
240
886
162
563
645
555
830
126
181
829
476
443
345
560
133
339
452
819
544
512
105
803
835
108
143
528
411
306
588
447
518
620
375
373
462
314
245
554
167
128
778
530
375
897
687
601
328
179
695
463
712
506
105
852
674
429
284
670
380
142
734
227
408
165
168
378
162
748
861
586
580
235
466
684
232
522
411
408
391
392
385
567
746
409
202
135
328
499
567
817
745
629
199
201
793
318
196
503
227
637
521
291
469
554
886
201
872
413
631
763
298
237
799
204
811
877
566
231
888
754
869
868
448
819
763
294
588
546
313
188
406
733
645
271
417
880
684
297
206
419
286
871
699
487
875
486
191
100
587
259
221
564
804
368
889
225
250
340
701
481
439
553
177
840
345
662
595
182
186
721
810
167
227
328
427
799
163
709
117
898
342
526
630
891
403
422
883
743
380
434
687
222
404
687
882
814
787
817
447
343
829
371
320
396
888
820
333
433
414
805
896
425
406
195
378
261
792
218
628
306
729
787
384
657
287
479
886
548
666
583
190
485
755
560
250
469
495
274
200
497
474
268
360
826
439
288
209
747
565
459
559
561
104
659
285
404
553
532
253
872
190
828
578
311
477
577
651
197
219
106
275
413
309
590
610
691
179
658
211
657
510
496
448
506
116
649
139
502
449
732
887
303
557
329
853
528
768
524
749
325
172
123
293
189
689
837
303
355
551
860
574
628
442
488
478
336
700
815
800
722
254
584
560
608
234
327
406
401
169
320
447
819
733
518
208
713
586
520
376
788
582
215
100
716
635
316
138
370
615
230
349
725
782
674
458
604
825
811
303
423
741
809
541
450
259
280
333
418
386
577
123
709
664
440
734
684
417
128
582
869
106
358
459
318
518
624
295
658
820
373
269
447
661
497
155
854
859
559
487
567
218
484
196
899
874
455
755
479
613
778
329
210
691
595
835
137
277
845
608
889
471
644
327
373
775
562
504
570
306
748
809
233
248
708
168
139
484
256
568
541
658
583
698
791
821
663
585
286
512
783
620
534
642
374
135
648
318
669
197
486
437
274
750
278
569
662
892
734
160
396
302
798
804
523
573
234
512
216
509
730
498
794
651
684
161
470
834
733
529
377
140
769
121
332
745
899
832
284
752
575
849
122
785
115
652
639
743
485
222
214
814
527
323
604
365
165
460
156
696
589
225
556
746
619
280
882
700
476
320
776
899
844
467
187
806
190
286
141
298
803
230
231
304
516
782
430
600
243
332
482
576
321
415
285
376
302
868
892
230
870
497
643
730
819
777
694
649
259
858
644
271
256
619
347
312
437
834
654
865
821
227
141
767
281
785
272
693
454
273
252
185
491
174
577
590
895
792
594
397
229
700
836
725
394
289
236
237
763
185
791
503
774
548
429
286
768
650
754
226
607
664
335
110
863
707
263
658
822
227
553
572
149
123
210
896
736
338
809
434
693
741
344
703
222
329
572
305
430
136
475
833
485
803
246
397
539
183
526
378
403
748
424
169
532
191
594
598
563
219
158
400
131
181
289
167
504
801
513
613
541
234
186
885
749
499
369
429
850
652
666
339
408
877
182
706
339
139
822
252
444
288
892
142
641
228
101
655
188
435
857
154
401
108
830
519
179
233
650
486
825
734
825
889
384
644
572
621
563
158
394
679
614
132
158
491
515
319
527
625
554
877
781
288
142
770
127
327
857
709
296
820
863
267
717
374
373
883
547
510
752
895
201
321
464
747
550
879
537
681
886
884
623
611
324
137
643
604
310
464
621
685
104
356
757
706
470
696
683
136
198
506
429
535
638
352
651
746
466
501
875
281
615
805
522
775
624
381
320
876
520
366
268
736
421
104
794
639
352
278
893
751
206
880
295
486
747
544
337
123
656
387
740
434
635
349
897
205
881
290
895
431
521
748
504
214
225
214
896
574
589
516
767
466
783
500
472
299
352
219
362
623
358
238
280
310
752
254
502
134
741
325
689
482
724
874
137
416
761
293
658
466
433
248
445
671
559
787
674
199
260
844
654
832
280
760
840
781
306
605
757
757
864
889
891
720
140
165
625
246
495
391
162
193
288
655
563
470
871
230
173
897
386
199
768
337
381
743
709
579
108
397
274
227
188
768
138
512
560
588
570
780
424
414
349
362
628
788
141
414
742
140
436
161
770
311
274
775
692
373
568
389
531
442
621
752
596
640
336
510
384
770
530
453
130
681
609
859
327
887
894
862
148
482
864
810
539
874
850
643
509
632
438
760
233
392
866
774
694
417
239
108
240
689
539
228
167
633
288
165
876
557
124
809
207
371
306
451
141
138
841
180
444
880
188
311
455
525
755
533
738
108
599
829
824
701
772
486
515
848
619
508
884
712
275
107
211
168
885
606
259
710
745
275
163
225
846
369
661
854
873
400
640
691
438
333
601
697
424
234
446
628
467
663
415
765
357
529
493
110
441
345
551
424
691
149
362
807
183
835
494
678
606
552
654
808
710
397
130
418
328
478
738
649
148
835
419
783
679
455
374
699
554
717
421
201
574
277
492
187
657
421
534
803
841
554
201
770
465
343
288
575
629
353
229
743
799
595
267
125
