490
505
256
433
756
191
289
129
376
105
772
351
100
689
544
611
816
110
666
829
525
769
148
240
470
505
781
410
691
888
109
179
664
660
388
505
733
791
289
497
806
837
568
788
313
651
231
144
116
177
238
530
463
824
715
324
491
755
848
352
579
573
795
459
383
480
153
832
464
379
407
335
853
460
575
380
743
289
676
478
759
795
687
389
896
883
717
360
827
317
825
128
709
114
576
230
667
203
257
183
478
591
639
396
339
350
658
258
666
425
456
760
323
567
261
874
178
349
534
239
712
805
668
459
345
373
807
257
436
693
778
292
396
638
150
843
102
162
591
566
504
857
112
198
256
805
125
248
529
646
392
364
580
462
148
382
771
101
640
888
791
212
695
425
590
815
124
166
373
894
707
217
848
599
528
185
444
765
433
820
382
247
372
212
264
428
376
373
300
477
800
173
887
300
483
161
432
635
815
753
688
606
768
493
478
761
618
495
869
413
691
372
254
381
466
233
608
203
363
889
434
500
540
571
153
164
464
163
498
268
634
648
370
100
100
520
793
760
629
794
204
613
484
323
131
727
449
621
606
427
468
351
268
810
815
864
854
506
684
647
351
718
312
252
806
177
800
802
647
423
467
803
422
129
789
861
190
582
467
549
565
495
744
645
622
445
360
499
569
595
378
367
645
319
778
416
724
318
629
247
836
203
143
201
613
361
140
592
576
568
520
324
896
318
411
751
293
101
394
714
681
826
555
541
226
768
130
569
775
883
800
415
527
715
477
653
889
235
729
844
518
356
101
239
495
647
594
112
523
210
656
754
423
114
708
793
548
162
222
539
151
858
625
651
107
425
307
868
756
126
305
792
805
401
560
648
593
583
271
664
299
669
315
478
467
428
495
871
129
874
150
639
547
718
443
541
858
123
683
494
438
135
545
478
228
684
692
538
599
787
127
628
863
459
360
432
646
853
516
690
345
400
589
407
169
360
299
613
829
643
334
375
898
745
900
198
291
598
551
605
752
618
778
735
736
735
857
885
171
556
861
794
338
900
476
515
502
248
500
753
377
769
504
447
432
603
140
576
487
666
755
443
873
221
807
104
417
734
494
359
530
246
314
689
196
571
280
822
263
237
860
348
141
682
494
693
752
660
743
432
478
847
853
644
718
416
690
348
485
178
356
815
305
694
420
790
173
577
847
550
682
237
231
825
749
311
382
819
382
829
898
198
235
145
514
107
779
378
381
160
508
799
610
740
182
837
785
322
384
617
851
670
699
129
552
891
591
631
850
369
523
109
360
715
290
860
623
473
459
783
831
371
539
179
618
276
443
319
554
617
409
809
871
759
804
130
636
800
571
888
408
307
722
751
329
505
191
689
595
546
311
640
843
404
188
898
143
566
277
280
692
796
366
283
496
408
209
623
636
624
219
444
788
422
392
848
691
859
382
694
611
289
685
223
296
867
458
743
467
664
339
147
346
505
852
774
337
602
589
797
358
703
686
690
160
526
631
480
560
721
183
614
107
662
877
130
878
707
361
406
797
186
461
798
763
541
165
688
765
779
781
504
357
268
619
637
805
191
479
503
616
585
358
836
322
176
179
674
313
142
641
666
236
426
461
785
521
343
436
589
219
794
692
783
309
721
829
183
662
206
430
832
114
246
247
842
839
475
146
293
700
246
827
114
459
786
378
258
556
660
845
184
662
896
603
406
134
797
630
637
662
721
333
138
145
261
108
455
285
763
487
687
720
274
462
293
789
490
381
699
470
391
156
367
466
717
139
321
595
429
653
488
891
134
113
216
275
468
372
392
700
577
389
436
439
789
792
672
575
441
316
519
333
190
571
666
579
102
466
493
743
201
663
207
171
125
407
677
750
592
494
494
437
884
484
379
736
863
233
790
310
890
509
371
787
745
341
503
543
862
429
860
429
814
314
312
206
131
635
592
335
614
273
273
317
438
262
290
583
122
724
525
275
727
462
372
604
247
469
654
488
153
752
845
888
582
242
414
888
235
752
783
779
483
580
887
572
738
209
204
420
242
802
849
896
304
519
553
249
865
113
260
424
884
633
167
822
414
732
371
546
658
820
871
244
226
862
755
318
693
295
234
520
759
561
441
138
813
404
474
605
156
656
752
449
764
707
413
134
810
330
699
260
579
789
197
408
177
859
544
293
511
749
291
708
695
872
173
511
449
292
844
758
186
302
286
484
355
471
809
578
294
308
150
451
784
394
419
810
740
851
423
287
796
649
593
132
521
759
459
495
461
661
781
298
647
861
347
250
673
190
835
756
355
467
433
745
759
684
259
644
120
808
689
382
728
204
858
360
618
650
246
630
455
671
852
524
254
261
425
758
383
848
833
251
844
379
882
774
132
752
222
837
868
808
119
258
491
296
607
796
669
361
475
819
291
273
725
666
688
482
474
826
710
232
111
231
789
474
618
192
359
865
165
595
159
678
271
169
407
564
503
871
311
164
150
106
897
677
579
826
165
180
662
288
270
559
166
479
433
661
881
448
892
845
742
350
688
215
575
480
863
637
629
587
164
218
824
774
493
368
208
243
254
818
234
529
776
867
397
849
451
106
539
781
435
680
115
511
151
574
239
320
788
776
578
778
249
769
745
828
725
445
131
492
620
231
108
731
310
138
239
177
291
495
895
643
852
251
810
275
272
884
456
522
437
578
882
763
788
828
229
232
535
820
689
513
866
726
849
793
801
131
817
134
708
547
516
887
832
130
429
832
593
494
730
705
478
609
347
155
215
145
262
162
271
256
143
767
312
445
146
870
421
234
770
462
725
801
843
349
841
490
826
872
353
606
490
642
808
846
832
628
382
366
462
195
231
414
825
829
762
396
888
589
448
809
456
808
511
482
438
735
802
602
616
625
878
702
872
284
364
179
160
256
196
377
463
500
360
856
277
308
602
554
154
713
835
439
444
547
190
760
717
174
841
753
316
896
246
290
577
833
295
381
732
413
882
623
418
257
122
402
135
102
623
250
484
665
838
104
872
548
573
543
698
405
602
227
213
416
824
868
635
174
134
768
784
855
872
572
286
450
556
671
253
557
204
148
344
725
586
615
121
575
512
857
396
356
632
758
233
380
384
549
639
474
839
551
699
284
413
364
792
520
243
423
322
490
315
125
808
792
867
170
688
112
443
118
565
107
306
222
718
750
416
339
431
281
418
152
880
867
208
700
711
646
324
254
834
433
633
759
218
493
827
800
863
399
717
732
275
627
329
576
326
650
438
883
585
470
203
639
538
554
192
706
195
159
859
627
313
572
898
184
342
730
225
313
662
121
808
388
287
642
426
229
230
216
416
233
402
285
111
358
263
551
840
583
545
220
300
434
505
836
314
655
592
206
256
757
495
893
504
744
537
837
537
335
263
217
186
862
447
555
894
362
368
837
324
871
294
657
193
239
338
440
364
204
845
527
799
438
381
853
668
135
681
405
822
408
506
775
251
515
392
284
557
146
108
237
766
479
336
299
845
694
366
683
836
676
254
107
213
132
855
478
335
621
470
327
127
711
792
220
532
835
856
855
289
162
409
433
656
755
231
826
160
305
205
546
256
720
601
850
141
461
692
325
863
337
610
164
657
657
307
401
710
123
550
678
306
194
573
518
746
290
653
870
552
739
855
532
270
393
838
802
379
690
156
768
862
409
344
845
866
421
382
456
111
587
378
145
273
250
664
689
659
170
583
499
332
786
191
620
709
130
525
334
744
793
844
294
101
169
259
864
833
707
630
216
177
260
879
346
485
333
841
491
271
353
606
408
459
781
760
459
159
240
254
890
332
670
848
310
749
849
154
441
716
461
397
201
796
334
895
478
398
307
853
688
423
583
224
590
182
315
257
863
690
866
539
776
457
586
848
638
469
414
818
599
288
452
607
683
835
103
756
892
507
268
469
854
506
592
360
441
196
627
250
670
399
633
668
146
545
813
502
570
853
806
398
737
191
247
112
743
229
849
565
362
500
153
583
310
568
194
515
360
152
538
438
288
152
623
822
193
110
269
266
118
283
529
147
185
303
700
553
375
147
899
731
821
861
299
432
860
319
291
880
149
844
647
329
364
426
385
741
379
175
103
452
816
756
466
641
628
580
223
360
547
414
279
236
519
168
425
271
302
273
184
666
601
761
174
449
667
695
570
423
771
658
476
539
114
848
719
812
700
616
140
504
546
854
811
435
398
850
526
893
774
324
339
390
772
330
362
551
335
331
338
896
668
345
733
112
652
531
614
326
591
644
363
222
652
743
677
275
264
110
788
249
619
736
407
100
734
125
497
292
644
795
526
567
516
383
833
470
781
729
560
108
828
590
598
586
466
749
404
743
757
811
214
322
112
190
590
454
449
287
690
655
789
664
882
579
532
120
701
289
326
240
891
259
183
262
792
504
426
478
590
478
116
569
529
388
731
506
854
248
236
878
533
606
644
121
519
590
496
893
513
892
449
641
245
237
316
274
690
204
643
829
863
731
723
775
377
426
792
509
857
174
813
468
415
289
631
268
195
166
289
571
739
586
426
505
573
625
830
356
314
254
201
202
770
764
590
765
805
649
794
857
615
480
131
420
170
170
193
856
172
431
200
114
895
627
834
115
892
431
652
337
594
687
655
316
597
416
158
476
354
285
572
525
260
334
584
229
284
308
337
369
257
122
236
234
564
633
747
170
577
513
204
362
579
519
109
742
378
434
248
652
235
545
749
302
795
721
813
317
518
378
138
460
860
744
206
760
568
131
375
220
875
637
233
120
532
118
652
166
282
355
645
596
893
473
697
790
346
138
689
321
848
184
826
443
738
333
595
189
665
364
490
520
827
842
484
548
715
458
663
340
156
292
868
783
797
504
679
388
456
367
722
538
289
288
688
478
137
757
424
566
461
622
127
712
682
494
853
459
234
266
612
339
828
509
597
888
511
750
379
633
813
712
313
534
448
201
623
432
318
594
722
761
266
622
672
824
100
743
449
527
446
767
481
756
213
170
588
722
858
516
199
343
364
888
654
333
164
437
636
651
745
238
285
606
126
695
366
157
261
524
248
665
580
820
812
315
505
479
569
114
629
387
586
785
873
258
470
893
562
515
156
268
573
889
253
695
733
274
620
457
597
643
121
432
174
835
441
186
611
276
209
219
379
600
477
624
166
196
888
843
688
551
503
705
678
890
567
779
762
491
685
810
843
797
595
295
523
687
378
376
273
512
229
431
468
541
814
344
375
221
713
356
772
816
266
419
512
842
874
384
620
146
696
849
885
603
702
523
803
771
347
382
799
862
608
192
166
889
453
645
829
752
734
169
857
729
606
391
752
272
189
328
220
464
688
568
207
816
868
592
507
495
377
365
474
437
413
452
175
189
827
556
693
206
628
323
818
543
840
234
497
110
249
442
509
406
666
683
462
633
216
668
377
316
351
596
778
171
532
204
845
275
793
277
400
526
363
591
198
188
377
695
378
102
260
717
591
292
537
458
798
189
477
104
507
582
398
810
774
596
747
854
483
168
354
394
166
349
769
302
815
863
274
740
359
641
296
646
711
626
445
338
171
681
374
806
210
623
548
442
600
592
490
601
857
361
459
328
114
723
300
167
461
495
823
471
641
372
508
510
602
486
511
647
630
389
663
819
269
529
297
806
401
604
388
686
695
725
854
235
341
343
519
855
736
536
616
522
523
769
338
549
466
296
115
506
441
804
280
700
878
376
282
287
441
385
528
177
514
535
274
891
450
530
179
619
387
245
295
430
618
853
173
367
707
418
900
723
343
389
743
193
435
313
279
294
895
596
322
884
882
228
348
263
148
703
676
563
387
529
225
856
232
152
521
893
141
296
709
572
220
429
786
275
127
560
154
670
477
845
689
413
252
279
734
115
340
601
757
181
115
303
220
662
204
220
412
573
648
825
432
162
580
471
739
650
610
146
865
752
111
840
112
138
781
398
240
422
777
872
667
446
425
764
690
209
634
463
180
624
728
226
496
726
100
740
751
883
133
201
634
715
893
872
724
461
170
178
508
497
454
403
506
153
485
786
434
189
520
325
106
573
318
889
440
376
513
895
286
340
398
745
798
887
651
476
378
754
458
255
394
518
583
171
303
348
754
744
211
271
793
130
310
429
530
326
666
405
683
516
275
734
517
272
176
594
755
590
151
259
702
558
359
822
367
750
527
410
238
841
758
462
506
391
893
795
156
683
377
457
256
153
191
477
331
241
240
397
662
307
170
394
211
341
497
884
469
578
877
208
455
490
483
629
164
438
773
818
398
536
128
782
285
133
336
560
616
123
469
140
190
543
573
442
893
820
205
421
634
396
440
490
538
727
653
426
449
571
754
636
153
811
850
781
562
251
651
693
502
653
373
481
186
266
174
662
849
828
559
643
733
852
323
772
684
347
375
235
342
800
896
880
508
357
468
787
897
730
243
123
331
900
154
567
273
876
296
762
517
653
431
203
387
234
551
892
352
499
843
491
366
195
207
886
740
411
122
531
227
807
213
787
585
559
386
469
332
345
357
659
850
349
192
771
326
390
234
418
462
888
765
299
524
112
303
818
316
615
686
295
158
303
794
358
144
894
553
367
551
653
561
645
332
429
606
329
631
739
467
329
487
421
517
886
262
328
515
772
665
527
734
854
699
851
484
268
761
685
437
362
202
264
648
630
590
227
253
302
672
607
308
668
851
821
320
379
786
757
196
253
366
466
304
583
276
553
285
802
240
123
762
388
668
192
867
320
511
643
259
145
536
595
621
706
333
500
101
119
199
773
380
753
740
145
557
116
521
324
723
812
786
416
732
248
273
157
159
753
