119
726
714
562
779
466
354
748
318
654
289
689
852
368
512
273
683
744
817
523
708
413
413
766
213
839
274
833
721
214
254
464
813
808
226
713
862
896
399
793
500
598
264
650
464
664
833
712
478
625
326
379
297
705
787
366
472
263
474
722
119
466
229
601
862
843
766
702
424
557
343
338
508
328
650
434
562
186
443
245
749
245
701
549
586
835
188
761
117
514
297
239
477
388
479
218
225
745
309
789
599
314
300
402
322
161
348
425
409
328
778
469
768
799
209
253
479
652
695
781
100
416
664
794
404
455
794
859
624
179
563
808
856
882
161
814
417
289
289
814
541
181
378
373
323
205
578
226
456
350
824
748
538
452
459
345
779
200
116
211
515
328
413
688
291
325
761
294
231
712
646
245
851
185
150
894
467
602
111
614
605
226
699
410
409
278
479
295
470
204
585
374
339
746
589
759
429
220
407
811
309
338
338
188
453
465
487
322
163
267
467
309
125
850
671
229
836
148
778
184
406
346
428
607
491
870
605
213
410
285
690
769
647
898
887
820
270
359
354
273
660
552
235
820
158
369
634
872
892
690
560
539
805
587
617
325
481
740
659
190
503
542
373
849
276
559
181
880
689
162
846
566
272
292
517
755
602
776
609
340
243
486
583
233
634
231
316
614
575
208
641
289
790
313
896
551
838
108
418
423
256
192
669
274
745
624
296
478
545
613
162
111
176
474
695
282
451
759
165
520
592
612
104
559
304
825
331
301
354
118
797
394
526
174
865
472
515
782
387
710
137
123
687
599
772
641
423
766
502
307
488
775
184
565
281
552
139
773
334
772
304
607
739
154
594
263
858
782
119
679
224
235
395
155
703
593
116
171
646
471
826
796
415
690
710
360
822
130
432
373
497
250
839
638
850
782
632
856
596
684
616
450
307
274
686
660
659
109
492
624
732
420
569
613
715
713
678
339
846
174
828
129
471
500
201
884
429
434
647
184
581
873
288
190
200
712
700
637
256
367
386
272
472
648
469
779
353
149
535
580
445
789
771
358
532
721
127
856
363
846
609
812
789
688
275
720
598
262
889
618
847
555
457
308
473
561
864
786
580
739
401
776
555
571
683
774
619
886
529
317
804
429
880
525
279
421
298
448
430
598
377
476
382
375
484
302
161
408
151
134
134
786
441
764
360
867
360
451
114
351
681
551
378
306
565
511
327
112
301
455
479
865
479
604
312
472
759
333
621
560
490
325
733
532
491
563
212
531
327
416
293
688
768
667
873
214
212
882
118
319
100
355
249
476
199
569
306
181
136
746
447
739
593
703
520
831
227
261
427
678
408
240
593
671
793
645
506
871
623
549
632
716
878
630
232
690
607
621
427
335
504
233
838
870
834
130
868
653
682
620
105
833
894
884
245
326
526
230
842
592
154
828
100
376
418
819
748
426
890
278
697
684
801
163
523
614
466
370
502
186
792
686
668
574
849
476
401
490
568
665
141
708
116
695
790
587
874
323
885
121
325
874
860
185
463
404
875
835
758
225
756
326
541
405
255
174
388
314
709
891
655
468
459
729
318
136
459
227
455
244
356
711
308
499
556
435
378
647
559
767
801
280
857
591
674
735
886
239
599
397
689
433
277
786
336
100
486
239
418
633
876
297
245
862
849
390
209
716
882
254
409
741
130
108
789
123
564
713
104
311
245
859
589
780
174
293
324
872
428
808
502
588
479
728
816
565
180
244
787
471
523
509
815
864
515
155
720
450
774
398
740
636
597
620
704
514
839
551
635
131
609
469
775
575
820
221
541
346
736
900
340
752
549
111
646
570
191
762
848
501
716
747
188
791
197
896
235
225
583
794
676
674
456
131
780
744
245
482
850
343
405
678
683
555
457
367
113
206
826
351
508
245
770
847
867
455
555
297
200
434
540
271
687
897
707
807
550
672
723
691
247
739
785
346
158
560
534
742
757
100
196
886
791
431
364
336
872
391
233
125
796
808
496
554
516
794
442
208
346
100
120
832
322
290
890
205
621
383
171
262
479
760
449
836
657
449
254
370
799
840
321
750
303
239
425
789
497
531
604
304
713
429
662
887
155
131
658
122
858
666
372
184
645
256
134
594
651
316
369
496
277
122
288
671
893
223
459
182
252
697
159
203
491
777
791
816
218
288
710
554
682
170
482
893
878
681
823
269
603
169
619
396
158
606
817
363
151
161
768
800
504
797
753
766
110
117
219
341
140
262
407
524
345
280
884
372
172
160
467
112
127
531
308
275
138
154
456
899
847
593
276
204
474
604
737
177
499
765
859
624
743
327
796
712
408
753
482
771
154
276
611
288
299
266
648
351
879
258
672
833
746
350
363
833
840
480
336
183
134
693
599
447
645
544
845
547
568
353
203
292
751
673
749
711
339
232
295
743
759
181
480
442
616
870
661
786
236
377
237
594
707
253
182
704
113
165
363
891
660
402
165
647
783
499
127
836
251
137
328
672
396
680
381
371
309
122
483
626
758
679
660
355
656
169
330
780
257
651
297
526
685
744
861
762
171
755
587
393
226
408
703
173
335
475
757
844
809
324
116
816
877
125
146
682
814
709
777
486
853
234
277
508
566
222
885
389
423
524
602
532
702
596
649
651
682
611
291
692
107
686
509
403
554
786
151
310
276
116
684
310
194
644
334
516
278
472
699
820
587
370
316
214
130
152
611
636
763
295
793
436
137
210
758
342
869
874
724
828
209
191
122
779
295
509
503
779
362
362
143
123
102
458
240
813
415
639
402
788
439
467
214
410
292
396
160
119
645
123
117
311
756
655
505
305
759
243
122
171
162
527
214
420
715
376
324
609
656
210
117
767
675
147
396
406
114
227
539
521
846
184
882
645
349
632
216
312
786
596
136
872
416
362
564
806
370
807
143
632
302
670
501
854
676
549
443
693
122
377
211
309
687
629
868
247
586
698
111
404
854
340
403
389
279
660
493
134
798
766
617
669
495
280
864
314
522
100
213
795
269
313
469
362
658
119
114
745
895
770
368
843
586
174
201
537
775
227
487
829
295
731
754
213
429
206
749
193
224
626
362
479
735
377
358
193
419
766
359
779
657
144
869
584
779
833
455
812
649
752
814
257
734
805
273
724
499
629
575
326
311
115
732
498
791
253
192
654
876
585
617
508
712
619
118
587
810
288
143
383
430
340
101
408
564
556
494
530
456
803
798
734
210
129
125
870
272
169
663
397
869
512
765
158
176
137
392
147
653
856
773
640
618
279
543
354
198
401
472
778
563
410
604
763
188
415
600
780
667
214
261
725
660
632
860
657
587
774
226
150
834
365
535
462
239
273
572
732
716
719
123
118
369
889
709
146
856
699
525
339
317
509
395
519
538
505
507
364
488
321
314
363
566
563
701
841
416
627
354
589
834
235
251
805
329
655
192
852
846
443
861
210
863
349
666
277
635
607
817
304
822
273
558
444
405
559
798
250
739
841
855
853
729
300
640
597
127
368
531
289
779
116
484
700
747
696
851
110
384
381
441
783
311
320
705
363
331
657
525
309
244
121
764
263
854
874
626
763
455
148
693
522
282
410
148
745
379
785
799
145
585
131
464
580
102
537
161
798
858
245
386
172
230
667
697
333
329
123
579
566
512
597
135
835
210
807
362
474
694
567
524
501
260
276
334
758
214
775
244
225
729
202
274
312
746
480
460
583
731
649
881
780
817
507
150
891
185
352
315
182
357
407
395
555
270
792
100
571
697
536
531
121
168
817
146
410
123
643
882
634
222
773
177
676
149
285
167
755
610
386
246
158
207
586
410
235
233
256
404
314
609
681
650
782
245
109
101
886
220
149
517
334
556
154
447
765
190
210
271
652
638
107
417
207
887
106
560
402
697
801
631
370
445
202
348
156
582
480
356
442
835
240
396
736
768
409
796
122
866
198
535
274
266
176
463
832
708
512
780
489
885
385
220
147
683
898
507
802
829
735
278
543
637
474
175
663
696
831
750
308
656
424
466
468
289
799
147
800
899
458
275
745
359
265
243
295
614
584
352
796
370
736
456
632
544
737
798
141
395
870
193
199
799
713
399
472
418
184
746
861
777
335
389
560
167
380
592
755
779
873
515
529
322
893
240
628
710
324
855
100
311
580
647
121
878
855
667
413
418
855
577
750
163
205
416
816
500
346
522
635
606
686
524
501
445
118
264
349
897
380
541
152
302
604
215
578
553
350
869
454
590
461
364
404
650
729
335
382
429
541
544
596
448
262
426
628
509
492
338
467
523
143
149
806
108
839
273
709
193
458
155
705
764
162
283
144
899
799
162
562
855
140
625
426
321
379
119
154
670
404
543
668
684
297
217
155
811
155
109
839
886
154
331
830
575
209
850
344
877
356
578
667
315
595
716
425
576
179
873
658
322
741
220
152
661
386
822
819
202
203
641
675
646
869
743
669
793
679
535
329
348
797
386
548
488
526
815
441
497
723
435
476
397
416
164
663
206
463
117
631
213
382
155
343
546
579
483
438
675
200
523
266
701
731
821
584
700
120
625
547
103
557
126
559
245
614
871
692
758
634
137
671
349
762
666
622
436
445
718
370
414
129
807
415
617
747
722
219
804
291
690
668
708
338
156
724
269
225
470
116
438
247
147
597
777
419
855
173
569
574
853
864
580
524
633
299
515
335
828
480
233
782
748
403
835
754
900
811
566
563
126
655
774
899
867
856
532
574
846
129
309
217
574
571
864
313
345
514
631
747
870
497
422
137
843
808
417
591
473
362
669
324
794
840
696
287
573
266
156
754
673
411
840
829
436
756
771
573
295
400
130
378
867
894
893
766
209
885
766
839
839
736
263
896
386
214
874
464
244
828
845
810
619
199
402
613
791
603
538
151
206
610
377
873
469
118
420
552
749
151
107
485
798
879
362
551
468
322
757
539
728
852
838
703
434
352
630
570
744
129
695
795
471
606
603
111
772
743
199
275
734
748
768
170
862
734
900
645
372
148
716
631
845
824
398
480
783
164
778
705
417
538
150
783
690
393
561
811
581
765
791
852
279
103
489
756
894
535
530
860
287
344
472
138
219
470
313
453
413
555
831
413
295
446
845
162
846
230
761
404
823
231
125
448
875
642
113
393
863
362
886
338
338
328
744
683
286
252
805
609
215
626
695
227
888
681
617
742
747
464
225
635
423
826
222
485
402
832
496
633
447
404
524
697
582
449
717
117
386
483
468
729
747
737
493
240
274
562
586
719
394
700
632
890
186
373
210
588
399
758
504
114
352
283
677
640
318
145
520
352
461
357
184
782
884
307
146
413
152
636
552
143
141
261
395
339
279
244
727
571
328
751
898
524
753
108
447
878
896
571
780
634
700
603
791
338
348
525
887
900
898
325
233
398
607
423
311
681
369
470
567
144
353
718
595
433
214
851
815
550
493
598
418
378
177
647
113
289
371
900
703
159
311
406
701
107
850
347
279
835
217
439
129
226
304
219
389
417
438
589
758
865
220
534
686
273
361
166
639
417
357
350
677
417
765
299
194
640
146
224
765
511
764
354
162
334
452
432
704
624
888
551
398
651
695
682
814
731
254
162
687
676
738
576
802
409
837
201
825
803
186
394
846
579
712
138
476
460
533
222
507
846
727
172
633
756
504
354
358
805
186
416
160
361
471
538
216
168
517
333
426
686
415
659
533
785
167
305
173
801
395
838
198
300
591
307
124
827
426
262
710
647
521
142
161
355
405
391
553
123
736
472
474
229
806
487
864
853
581
619
149
212
843
691
245
513
468
785
192
574
674
632
448
290
849
524
770
401
550
521
468
703
843
874
255
350
621
656
725
633
791
891
814
364
121
262
103
654
219
204
520
844
190
292
675
319
333
138
475
682
364
305
579
449
732
637
672
262
473
853
161
361
541
832
602
277
373
629
364
647
628
612
265
444
820
837
557
403
392
278
615
385
669
781
463
610
617
358
271
608
210
726
756
296
782
456
334
506
679
166
159
699
757
560
162
894
347
604
319
528
846
820
513
764
515
418
211
898
357
428
692
190
348
369
224
851
549
626
566
644
665
398
541
421
831
158
458
113
382
161
759
448
454
517
480
752
806
853
505
842
277
401
429
381
853
670
355
518
255
587
661
443
536
263
242
633
341
670
314
697
472
795
321
342
705
181
229
250
295
228
479
162
855
387
655
571
780
583
651
153
877
806
687
180
248
698
718
433
344
557
422
273
277
775
712
483
138
532
599
624
275
424
579
229
311
303
570
885
211
359
318
133
785
441
130
732
379
239
362
864
596
307
580
335
757
247
610
694
765
139
606
297
407
358
497
197
836
222
254
643
506
290
723
370
746
111
216
748
368
281
833
239
157
332
196
194
446
446
499
851
667
565
429
204
300
748
159
409
181
819
897
509
711
173
559
832
308
285
807
148
527
107
296
196
684
104
129
722
823
722
561
849
861
738
888
594
495
884
878
201
531
453
647
151
148
152
502
273
597
503
702
478
420
488
255
164
254
880
664
282
640
112
523
531
164
821
830
184
527
347
552
127
112
489
848
243
523
825
379
193
587
613
581
117
342
350
375
160
828
827
256
578
571
814
844
248
393
752
735
798
802
187
573
134
113
167
692
770
796
353
111
513
427
513
222
655
393
194
718
454
491
181
651
482
511
646
739
261
543
427
149
136
135
217
639
301
510
701
873
495
809
826
327
766
569
100
207
429
375
317
346
515
578
121
881
213
499
576
548
698
862
397
676
674
441
598
359
372
522
419
109
539
899
492
320
206
237
317
397
205
432
126
811
764
244
723
555
831
792
109
831
709
458
198
521
668
251
132
892
273
895
775
347
385
413
352
451
469
782
375
315
371
420
862
183
893
460
425
309
394
895
802
216
335
537
369
583
406
210
887
525
843
580
110
885
505
899
331
334
265
729
524
160
132
676
895
204
822
851
394
121
219
490
782
476
702
635
442
630
743
411
147
372
489
121
870
515
212
638
826
615
149
644
428
711
416
194
636
891
394
324
574
178
554
334
283
376
630
465
460
783
453
398
730
128
588
520
120
352
780
787
800
502
155
551
343
636
615
641
822
541
769
139
426
801
152
813
711
752
767
107
116
617
815
826
662
399
163
479
493
676
115
813
463
738
621
702
738
299
473
863
354
705
544
505
626
435
182
822
644
228
379
623
271
614
120
581
806
170
424
870
749
127
604
265
120
636
771
705
878
755
344
699
450
777
785
591
420
322
828
489
853
130
689
200
339
716
133
471
667
366
583
725
633
106
847
817
515
763
178
225
842
713
115
325
870
576
513
503
506
701
332
671
813
778
781
752
101
722
719
470
467
161
595
644
877
412
770
179
670
687
696
765
690
158
170
312
314
542
340
480
221
728
479
617
540
336
892
143
841
493
601
320
572
824
172
792
829
835
122
797
732
448
276
577
494
301
312
202
418
156
338
398
729
529
625
353
874
870
495
294
438
352
667
788
614
140
207
528
409
707
325
632
345
672
389
565
474
562
735
522
618
280
521
569
761
198
667
441
370
197
365
874
898
698
548
559
445
210
738
680
272
655
113
877
509
487
531
126
762
255
620
732
398
699
582
811
185
406
354
101
896
584
510
585
714
492
841
821
194
261
127
588
145
835
241
134
218
894
415
417
815
173
774
131
803
887
108
554
246
538
305
576
398
100
502
336
289
549
764
154
323
397
824
346
547
624
683
382
678
411
139
849
107
775
819
537
652
257
836
151
494
683
504
631
642
687
205
138
668
175
835
815
152
861
191
778
253
276
418
606
792
684
284
696
722
434
810
794
483
133
235
226
457
744
891
700
121
558
629
183
640
588
570
543
400
121
296
327
666
438
652
308
679
418
838
223
867
106
698
866
799
428
226
116
228
721
148
181
657
831
686
344
561
551
337
562
440
410
693
613
473
632
200
299
516
352
520
760
120
696
636
146
336
727
276
221
646
799
202
614
117
309
211
755
519
198
795
334
757
241
867
353
453
719
857
259
328
273
550
315
174
426
376
856
140
864
827
134
285
536
109
736
470
221
739
385
847
576
316
551
227
462
655
287
601
236
264
710
140
352
180
249
104
623
560
482
561
857
294
839
351
241
833
464
358
441
775
380
290
480
439
123
586
501
471
550
164
877
711
854
155
467
681
383
795
393
758
879
464
267
289
176
478
875
592
506
747
655
894
448
335
457
535
826
830
342
580
158
218
500
564
456
243
104
240
631
435
603
861
636
258
154
457
127
616
586
435
731
509
449
798
300
137
118
659
801
864
206
433
304
853
888
129
892
398
890
187
174
579
213
725
753
634
609
720
237
870
821
578
236
421
892
160
808
689
140
257
710
665
605
373
340
404
543
240
429
775
832
742
678
254
331
723
264
766
485
664
590
493
567
479
738
406
351
326
605
430
241
400
793
860
399
463
379
834
585
893
765
124
181
769
280
636
361
132
788
447
669
126
881
812
622
711
454
795
587
571
424
543
522
443
233
784
608
421
652
167
302
612
126
783
826
894
195
432
439
238
761
374
172
736
184
814
544
633
754
285
760
586
695
599
572
497
372
284
270
416
776
870
560
389
849
730
739
169
769
220
178
277
254
367
834
900
600
423
825
717
616
831
890
508
111
816
677
420
150
759
289
109
657
248
140
234
156
581
357
105
713
555
554
646
670
213
525
635
623
491
807
122
103
309
806
549
539
788
898
406
371
136
886
722
622
672
280
881
538
569
624
776
121
859
290
771
147
694
452
341
696
379
331
338
760
434
579
859
312
810
686
631
182
500
746
513
132
759
574
589
162
524
280
728
496
771
506
539
600
658
678
797
537
318
719
677
701
208
221
331
421
778
576
239
416
473
207
393
327
712
722
419
191
646
145
748
772
586
328
373
692
798
347
238
780
763
487
759
182
497
354
167
336
346
492
701
519
712
868
834
662
681
488
588
458
740
763
330
708
318
781
563
284
189
743
213
499
327
597
452
349
375
637
406
658
659
480
580
777
371
845
237
101
750
871
110
497
829
334
813
619
580
286
252
583
716
700
739
563
444
868
807
323
148
631
754
356
465
492
410
111
125
202
556
