235
105
529
815
717
704
164
399
692
661
801
169
495
698
369
693
537
455
433
541
118
635
591
121
679
471
370
646
678
400
846
852
356
562
518
588
693
232
155
839
296
212
417
289
777
884
599
687
361
778
611
324
810
377
805
368
671
638
201
383
182
814
118
459
863
522
347
883
893
277
832
113
336
380
589
195
144
852
641
743
587
657
364
637
714
854
302
549
682
491
575
317
300
860
336
775
473
122
135
230
469
447
420
887
869
726
680
550
114
768
304
717
598
535
101
327
619
675
807
780
760
290
117
399
140
449
412
157
396
127
603
815
734
594
615
577
435
809
816
498
140
293
588
439
611
260
511
623
583
658
419
192
574
278
743
145
603
214
113
188
578
764
420
137
557
204
273
621
553
727
794
466
660
756
523
877
315
671
478
110
683
435
246
229
771
343
585
324
534
721
238
256
530
169
376
186
837
228
767
418
194
291
137
412
233
552
148
257
265
555
471
149
301
865
641
298
187
520
700
129
564
235
596
278
495
165
415
452
809
334
205
724
157
317
644
685
725
899
239
646
344
753
563
615
521
639
710
541
382
598
378
554
664
807
419
203
392
748
290
107
142
239
557
789
598
461
766
504
597
712
896
476
754
532
491
226
130
773
517
837
691
778
391
395
617
700
615
292
354
601
762
584
312
156
494
414
671
767
464
514
874
409
239
879
436
208
887
202
301
155
384
797
410
736
609
367
875
153
896
421
817
825
468
747
143
412
899
741
532
112
482
175
451
326
309
183
332
717
183
191
317
468
900
250
678
334
277
219
540
886
118
760
858
321
407
312
692
898
212
102
452
671
278
189
551
254
145
869
750
810
170
329
546
682
543
344
425
462
676
259
465
782
743
615
641
270
671
455
612
280
326
201
650
290
504
513
149
268
672
667
121
690
375
336
213
718
762
729
224
866
103
241
549
752
510
433
352
614
561
401
591
365
872
684
492
748
863
696
767
343
257
427
681
356
846
561
837
180
889
562
322
766
314
208
436
497
760
830
854
396
415
188
482
128
886
395
489
748
266
732
419
842
256
486
153
882
544
394
578
624
179
396
447
232
560
211
648
871
196
354
645
511
677
143
848
660
150
759
641
648
670
336
742
107
483
716
200
181
776
170
