212
135
782
462
322
497
128
318
528
615
649
717
719
850
296
317
529
588
841
164
158
485
245
481
837
639
598
268
459
892
725
235
496
379
786
546
592
250
621
688
120
207
432
710
593
283
268
872
225
426
604
894
166
425
501
841
672
438
639
412
851
531
223
875
824
617
447
885
506
372
728
664
229
758
875
708
602
205
499
533
215
424
214
461
892
835
537
157
243
333
865
779
367
214
565
448
663
476
364
278
208
597
789
576
820
350
317
309
270
538
270
172
768
380
292
182
483
313
718
246
891
465
265
476
726
566
134
292
845
715
189
653
889
625
565
398
801
592
582
293
833
522
856
826
371
767
788
692
275
800
494
103
323
402
839
105
738
852
112
812
744
874
777
311
858
603
596
738
246
255
761
280
135
538
877
468
222
616
197
392
604
634
420
276
704
262
896
294
292
676
610
167
538
205
782
401
235
872
841
283
221
232
125
265
662
607
780
658
723
793
115
626
598
521
707
480
116
828
886
438
207
797
300
787
403
841
249
831
809
643
398
690
443
886
200
222
252
892
181
591
646
403
739
859
790
177
291
166
231
405
340
372
875
514
619
796
640
353
245
100
898
441
835
775
324
198
858
348
520
758
130
723
753
542
686
115
880
484
297
715
273
630
170
530
258
616
297
670
441
657
463
814
543
470
383
784
158
148
463
215
534
626
354
475
692
545
801
680
787
777
250
618
623
218
883
603
326
806
895
420
781
697
382
680
792
101
587
775
167
249
489
531
523
133
521
441
701
780
752
547
746
706
522
401
459
246
518
565
474
497
637
596
309
251
732
239
694
529
474
594
786
241
809
484
206
518
269
557
346
432
476
263
408
159
887
500
462
854
443
782
781
737
357
857
272
516
896
278
450
756
303
737
662
531
202
640
753
823
486
421
564
786
133
498
121
550
251
419
820
674
883
275
334
525
511
838
415
806
391
777
573
192
349
514
352
271
560
214
888
499
239
183
179
119
333
232
283
754
566
144
182
881
371
894
707
711
413
857
175
879
754
551
105
710
349
338
402
251
796
611
228
741
174
156
892
845
820
541
737
140
520
560
133
207
196
862
243
339
702
693
404
721
425
802
100
394
814
866
443
633
151
356
652
174
173
833
540
602
411
201
272
739
510
689
725
738
174
746
306
399
169
403
676
281
564
797
725
373
447
187
611
537
768
853
287
807
306
843
227
411
389
829
603
609
515
136
164
322
601
435
445
415
254
714
498
314
802
231
376
432
868
290
116
391
647
853
614
443
861
551
427
728
291
744
533
892
761
791
566
472
310
654
256
319
674
837
860
316
744
644
165
807
773
606
128
100
759
707
699
115
417
434
773
314
316
838
851
456
779
821
428
805
899
289
398
724
449
547
466
290
247
736
309
316
382
636
656
305
316
105
818
833
291
582
651
502
476
792
759
215
498
599
539
799
768
892
173
538
780
340
663
337
802
506
547
555
408
467
620
470
660
117
413
193
429
767
283
496
734
291
319
165
418
484
172
232
455
163
814
444
446
402
695
389
221
675
306
451
520
355
410
685
151
428
654
393
690
822
262
109
186
689
627
572
779
184
253
640
767
735
479
198
629
735
534
357
762
589
144
705
746
425
653
284
781
175
159
293
703
813
208
620
125
816
486
678
505
564
278
638
577
541
554
151
802
757
549
637
482
886
597
745
220
285
534
622
572
506
522
789
632
812
451
324
620
654
313
590
293
764
618
846
365
149
738
161
673
780
462
883
754
287
775
596
418
534
307
281
615
300
464
809
113
609
399
731
289
467
133
890
559
394
327
577
277
259
225
372
518
662
254
658
512
395
269
665
162
690
865
435
439
507
735
829
833
407
561
719
711
783
670
724
274
677
102
481
777
266
343
745
161
443
277
441
500
416
349
556
854
446
882
180
464
544
174
138
418
182
658
188
799
586
318
199
133
185
591
634
546
311
424
144
779
325
619
763
336
224
662
247
562
255
341
383
818
436
895
191
359
377
580
833
703
441
157
560
214
289
491
673
590
793
708
401
552
421
562
117
271
102
240
756
714
214
382
401
582
522
463
745
822
198
434
202
588
529
543
273
884
160
524
377
211
174
891
655
574
673
539
424
541
214
857
603
231
325
679
827
806
176
256
139
528
722
676
459
807
842
837
762
221
827
389
851
711
624
397
496
594
791
139
379
583
373
296
490
568
124
263
262
535
835
390
871
666
320
741
565
539
885
355
896
286
667
494
709
769
438
321
297
254
453
617
822
578
439
410
619
673
751
847
710
288
551
856
458
509
717
776
618
665
803
687
456
547
895
394
630
505
256
522
456
325
187
680
260
366
234
627
761
111
501
443
721
463
116
814
294
207
604
153
536
267
358
668
885
374
846
710
579
312
659
331
614
696
467
254
809
456
499
265
600
200
762
599
759
186
830
447
678
631
455
290
259
877
769
497
478
643
359
384
654
529
394
508
161
749
729
211
212
235
814
700
229
550
890
621
104
751
211
286
666
614
135
651
767
380
705
546
316
549
496
562
234
216
638
415
208
623
404
215
509
755
576
251
683
794
813
452
825
102
680
673
137
676
158
664
132
690
517
252
351
251
369
822
225
838
151
257
575
500
435
230
577
766
710
504
554
345
125
553
898
522
320
664
272
398
627
137
888
327
502
870
768
324
527
775
612
305
128
569
866
496
134
704
218
101
377
422
459
445
314
341
248
430
591
623
594
258
861
572
275
126
117
899
768
497
719
823
322
625
634
668
351
740
828
669
776
109
599
478
609
604
605
269
651
898
403
861
302
220
666
335
724
468
651
655
871
107
373
717
790
646
341
763
334
485
163
403
476
512
135
364
265
108
617
894
422
400
775
669
825
448
223
785
274
593
787
289
570
170
670
363
138
396
686
240
293
307
257
893
763
612
882
350
149
205
209
635
484
192
484
893
291
587
531
677
469
670
337
263
274
416
725
464
398
758
382
560
543
373
299
507
389
789
453
214
676
563
570
678
885
514
240
591
629
447
740
511
542
324
206
334
435
426
682
786
436
592
661
758
608
228
346
161
517
664
594
315
655
847
145
789
263
348
644
207
782
365
354
624
894
116
452
774
159
719
586
654
174
783
885
742
418
689
586
787
242
657
813
347
601
422
123
465
374
709
554
163
211
455
296
785
326
213
120
486
292
142
804
146
636
423
642
815
433
529
483
552
175
160
136
799
121
511
583
227
177
646
492
441
365
854
680
565
811
898
321
278
701
486
149
426
487
123
769
257
118
446
414
727
347
454
369
742
563
729
680
399
148
336
781
276
461
717
302
387
189
714
761
151
136
179
121
568
337
229
566
609
565
227
323
483
525
766
343
760
845
352
823
824
776
261
580
200
819
754
439
800
759
701
584
667
304
223
332
422
185
567
895
216
279
305
609
837
550
676
763
893
573
627
732
889
126
806
211
703
205
748
799
865
604
882
311
449
518
590
608
453
130
276
288
345
386
388
148
859
892
446
884
331
365
615
671
210
779
163
416
499
631
263
620
456
363
743
863
432
360
521
764
735
154
724
575
359
819
661
107
803
705
521
704
552
344
343
471
571
663
185
542
560
390
202
429
544
778
609
340
159
150
281
248
223
493
544
889
529
633
305
231
279
292
157
256
701
343
868
769
791
639
537
604
687
690
326
447
557
757
678
320
295
157
155
321
594
607
412
174
258
283
848
812
305
199
876
247
388
254
324
689
216
623
696
677
623
453
693
440
255
603
392
480
645
797
631
105
756
258
880
663
546
316
123
671
388
621
669
430
862
168
256
584
201
216
587
767
288
601
112
817
177
403
326
725
706
389
791
664
413
106
635
576
693
724
305
641
449
782
841
356
257
438
215
255
720
898
662
405
194
225
558
793
840
740
473
716
512
812
599
310
138
447
149
696
139
307
752
397
287
672
206
631
365
708
461
745
424
367
765
398
514
361
383
413
771
266
699
123
131
675
185
406
205
413
776
315
371
469
179
175
839
876
881
777
759
176
851
462
483
287
649
815
585
161
426
440
404
762
547
478
501
348
740
518
717
637
782
280
336
380
365
231
483
318
648
885
515
611
367
561
506
679
779
198
487
123
516
628
510
322
475
506
611
314
895
153
876
452
519
784
179
533
666
314
197
429
142
281
299
115
783
540
502
462
612
592
459
635
479
395
397
502
120
519
705
590
276
373
417
111
160
355
322
374
353
366
502
536
749
541
621
407
389
376
610
490
759
833
879
475
231
598
550
505
659
266
328
790
411
827
735
467
497
158
683
552
690
831
664
596
555
657
791
530
879
455
201
365
311
410
392
877
140
469
734
134
305
727
420
373
377
863
688
366
863
876
480
538
847
559
290
473
435
148
208
520
697
592
643
728
371
151
166
589
325
571
729
187
832
373
196
150
574
659
610
807
297
696
888
782
371
126
309
223
477
116
885
605
344
194
269
577
178
378
625
442
749
159
542
632
129
316
314
778
577
805
658
529
800
336
496
739
632
493
603
717
182
770
613
129
681
374
284
487
386
486
349
499
120
802
695
428
226
572
337
177
512
826
623
571
346
229
328
827
475
341
621
480
502
836
627
506
556
811
771
151
287
327
766
546
249
492
485
152
554
776
640
751
525
790
127
695
413
524
353
622
214
393
694
758
210
316
571
718
113
779
548
457
343
634
245
141
473
464
240
409
664
470
470
402
436
608
503
475
435
600
177
689
425
153
832
414
820
548
545
647
704
552
361
313
106
351
515
150
525
389
543
444
759
464
859
493
290
703
438
875
738
504
501
657
230
310
355
482
133
389
626
787
179
203
496
856
414
715
550
312
824
492
358
522
233
212
774
601
789
248
832
899
535
108
701
691
468
178
220
879
418
656
631
105
492
346
372
123
730
440
392
232
491
161
771
216
213
138
416
848
186
879
303
734
855
648
788
589
346
685
841
434
289
884
520
432
507
619
663
479
277
150
485
666
644
347
662
200
461
342
832
439
796
247
466
295
484
479
143
689
806
744
560
599
673
186
650
185
659
648
661
312
766
577
671
785
253
745
134
397
651
135
701
761
639
167
451
538
626
599
782
780
681
654
242
255
482
760
572
240
708
316
750
104
744
164
310
403
457
822
496
896
731
385
426
737
386
823
718
390
821
743
643
737
158
514
769
105
204
103
740
408
427
787
433
132
411
319
770
339
594
116
473
130
250
184
718
734
286
241
211
237
195
603
778
794
271
855
814
211
408
330
475
758
531
540
848
308
484
850
585
850
655
547
468
137
148
805
877
116
850
741
600
462
652
743
158
376
379
311
728
794
825
154
401
472
431
664
895
634
232
427
174
553
723
133
199
876
596
178
378
617
393
829
312
826
319
758
598
139
728
463
171
568
891
720
513
255
792
414
348
887
495
376
801
684
306
600
323
190
290
559
270
556
648
280
209
378
839
643
306
268
895
711
318
353
388
233
200
378
846
409
745
155
749
365
527
733
413
233
762
543
705
296
255
583
847
752
774
179
467
176
462
461
828
447
220
417
172
882
200
554
424
500
359
173
558
549
705
392
228
866
849
232
218
109
878
489
678
348
690
289
127
256
757
533
245
680
201
328
308
528
509
704
286
872
304
481
314
538
861
137
202
337
547
841
594
208
764
209
245
450
347
549
861
560
700
501
577
397
266
323
854
581
532
590
289
341
250
793
400
715
840
416
439
510
125
348
325
491
756
178
235
362
307
762
705
422
171
213
594
644
863
305
170
870
879
788
143
288
479
547
354
647
348
670
832
128
294
118
741
570
470
312
198
411
650
683
519
229
438
524
793
484
356
278
759
826
646
452
354
581
439
518
281
659
224
587
745
884
144
474
872
263
176
508
362
871
409
423
627
524
609
271
296
858
875
315
171
317
445
877
437
555
789
733
155
168
560
232
333
473
890
480
487
631
222
544
840
639
175
165
594
758
157
653
424
886
821
839
644
831
613
434
210
729
336
185
809
885
779
403
426
142
188
476
262
114
378
682
118
622
341
535
710
122
275
744
486
347
408
390
864
324
132
309
182
789
680
630
645
339
790
410
288
325
869
190
255
428
596
721
471
787
320
274
289
312
107
853
280
204
555
286
361
272
537
268
838
838
199
447
479
839
806
136
888
808
477
345
318
581
859
661
762
436
459
233
603
263
846
724
322
126
514
563
524
117
238
137
158
820
779
590
359
648
403
138
455
213
108
649
376
220
723
347
318
271
660
156
659
507
256
107
199
405
244
431
382
272
721
464
695
397
544
524
780
658
626
397
505
138
570
162
851
653
698
424
679
569
309
631
667
103
699
651
452
858
766
582
873
457
550
778
864
162
563
567
660
750
261
117
299
639
519
155
893
465
608
537
357
735
268
356
294
789
433
475
410
647
715
391
223
772
735
686
213
837
125
772
462
325
650
654
375
788
231
818
108
296
613
216
213
264
151
611
377
882
278
131
379
281
298
804
335
598
864
249
455
673
755
301
307
881
119
629
864
739
419
155
324
535
746
165
284
606
128
450
831
600
676
728
716
234
320
139
147
659
272
186
170
599
803
820
646
153
731
171
178
167
545
871
337
595
391
301
105
342
518
867
497
503
530
109
129
571
824
202
898
777
183
633
764
122
176
432
390
880
449
186
560
720
133
391
388
687
256
283
804
501
303
278
499
862
630
276
423
297
555
362
825
353
404
641
377
204
813
855
547
450
894
682
246
198
640
370
200
135
689
378
646
368
434
767
379
861
884
767
883
320
757
491
500
852
414
830
429
466
488
421
569
635
293
714
429
172
727
140
580
759
128
197
282
888
482
867
878
611
159
402
609
334
291
110
765
370
640
829
784
847
128
193
699
113
525
643
545
543
662
409
745
486
572
450
583
393
120
581
871
449
578
368
874
531
709
498
145
684
538
581
234
311
862
817
240
645
857
485
385
450
609
511
806
376
278
863
886
535
776
711
655
493
370
128
389
248
851
606
662
185
743
590
799
486
305
666
585
545
387
202
107
777
886
303
545
751
388
666
702
360
306
595
769
214
374
407
856
464
696
705
729
297
223
896
757
572
383
779
785
766
655
436
580
825
745
488
581
558
845
255
199
537
457
771
721
501
838
459
637
116
151
388
817
707
233
475
763
790
617
790
819
144
362
716
345
763
272
577
670
528
190
652
784
806
165
551
403
417
294
819
189
503
285
493
364
706
132
678
444
817
295
373
468
664
784
282
547
725
674
878
410
717
289
253
591
383
283
173
327
397
813
769
763
108
424
781
589
103
767
760
318
388
530
451
237
580
702
795
798
540
306
643
264
461
202
840
174
168
561
414
716
646
284
814
837
509
127
557
706
506
837
251
667
620
526
147
884
859
872
869
379
334
219
814
127
427
768
749
847
736
346
735
513
172
661
266
552
141
134
680
318
677
286
318
323
211
273
758
425
186
282
687
819
550
331
301
227
505
734
397
888
775
339
469
258
558
426
270
185
510
508
234
458
804
376
236
800
591
105
402
467
408
169
569
457
807
519
825
187
639
238
425
843
281
786
598
338
641
167
130
257
558
837
122
783
195
849
535
119
727
601
607
390
169
685
519
736
235
368
644
398
445
219
704
149
496
395
897
418
724
885
702
521
622
523
757
470
437
780
203
443
155
704
328
539
270
656
430
678
893
834
893
765
726
322
424
345
640
395
235
791
877
733
254
660
839
779
590
463
189
756
774
826
303
672
166
641
283
208
441
516
594
570
569
541
314
210
486
619
742
624
515
573
446
302
541
220
754
262
878
717
469
561
309
787
131
706
704
848
676
241
312
149
383
394
182
289
229
268
504
780
417
277
159
621
554
511
595
290
326
658
891
723
515
893
387
572
574
834
774
846
682
791
151
865
734
357
887
226
309
162
231
744
534
428
572
351
860
544
334
423
538
779
758
555
394
485
857
697
272
382
284
214
725
806
582
157
481
641
504
640
726
518
890
866
888
367
899
817
361
300
871
147
564
222
317
428
767
138
578
103
515
879
421
700
748
857
476
242
481
431
566
364
699
537
499
609
155
652
555
382
884
868
399
129
103
357
751
420
422
858
567
398
827
425
569
450
279
315
361
260
556
557
591
251
403
621
206
728
607
445
198
799
119
470
383
324
161
377
382
803
842
413
221
431
263
755
376
450
365
819
308
664
346
304
205
823
387
691
587
768
669
376
879
635
296
721
642
579
881
805
822
454
752
690
836
623
761
769
381
896
839
680
628
153
144
436
297
390
857
138
123
841
346
421
576
495
136
416
666
801
435
685
224
844
891
118
145
887
550
786
465
599
744
508
217
651
849
161
617
206
895
324
111
810
212
389
406
664
303
438
417
305
215
551
770
607
428
605
846
106
430
665
356
515
292
680
437
385
342
215
349
411
773
278
126
636
454
613
318
657
627
360
132
188
186
540
393
263
447
639
601
707
747
146
332
620
882
281
750
681
353
230
740
253
458
725
649
789
639
372
838
891
340
282
832
314
736
809
402
802
668
154
206
792
885
772
815
847
240
441
408
333
227
480
187
365
443
379
740
339
804
844
174
744
748
869
509
792
471
759
790
322
593
445
234
846
840
600
884
165
415
243
200
648
504
800
759
429
194
376
247
534
301
674
822
498
873
420
278
778
146
467
374
416
382
581
542
805
709
361
449
437
240
678
186
452
689
803
537
201
594
402
439
286
571
109
591
418
871
318
725
173
704
895
534
719
239
206
857
424
633
174
229
765
587
692
234
315
225
414
598
529
543
500
422
589
643
740
702
775
816
437
782
415
442
804
589
376
577
508
137
404
841
723
290
882
176
547
339
233
239
551
664
189
819
100
579
619
584
792
559
471
743
737
768
309
558
684
799
900
393
139
680
742
355
693
308
552
273
292
138
152
289
475
106
307
449
271
808
846
707
141
400
414
271
234
198
233
716
835
834
371
606
855
693
420
598
131
853
856
708
828
120
372
319
321
533
843
370
842
822
550
376
210
663
340
302
729
247
218
768
479
666
351
876
177
416
540
131
537
876
366
770
818
532
501
735
213
612
856
792
788
160
561
760
234
161
548
403
334
102
164
777
793
503
807
625
275
685
727
187
174
139
386
727
594
312
590
657
566
693
855
759
306
146
745
721
268
880
654
427
116
397
166
372
590
884
607
174
135
797
209
126
742
609
359
316
886
855
580
424
837
358
504
799
879
657
585
298
176
233
391
593
103
711
420
322
721
635
470
736
307
689
437
105
279
548
587
256
554
152
204
194
343
181
668
451
728
454
109
130
552
898
184
508
492
325
240
194
703
535
120
242
296
430
349
866
559
792
382
486
721
457
884
109
374
733
588
146
677
722
284
842
869
309
293
531
415
234
480
630
231
749
139
694
190
326
104
839
166
534
859
386
579
152
597
795
272
671
421
795
835
855
303
637
248
308
808
663
290
110
725
296
168
527
428
459
292
853
169
496
900
211
235
692
496
622
436
566
716
546
860
893
136
647
869
607
722
164
697
467
628
247
258
620
305
246
285
499
376
607
227
864
334
853
640
508
482
750
654
844
446
222
276
857
390
411
856
132
849
630
132
279
205
491
225
405
597
347
813
341
250
822
529
652
761
748
573
568
318
209
749
650
767
117
299
821
746
276
342
887
151
346
873
454
660
462
405
241
664
410
324
238
252
153
283
141
315
695
272
263
349
245
660
584
815
636
186
628
437
343
349
426
866
503
249
734
592
142
195
424
548
517
780
522
415
582
226
694
341
118
389
811
796
142
778
239
182
807
719
467
900
783
371
120
137
779
630
271
388
115
318
823
540
891
525
202
330
217
550
599
638
387
817
686
201
431
536
491
295
565
127
135
364
431
313
782
559
442
519
891
747
576
543
777
639
857
435
579
809
339
386
672
398
379
254
573
532
308
665
889
722
172
893
221
873
137
890
159
311
691
796
664
149
679
270
443
376
603
506
241
114
117
621
369
509
175
811
609
766
202
406
267
516
747
445
647
404
855
148
341
801
155
447
846
648
745
444
323
641
868
215
636
868
852
799
139
704
646
129
161
390
824
305
694
288
598
157
611
239
647
446
547
324
244
755
344
726
595
715
305
727
829
330
805
784
528
630
454
168
631
371
567
641
312
702
438
436
199
370
630
684
253
271
468
882
505
261
607
336
583
306
603
660
853
517
603
457
192
331
636
157
719
663
853
323
149
122
825
535
674
274
653
172
864
499
318
278
146
834
686
366
541
785
321
288
579
874
806
208
385
790
682
614
840
453
229
801
639
829
315
516
242
384
166
577
839
894
447
388
876
195
291
274
694
282
480
612
155
701
178
595
441
888
791
581
299
718
499
747
833
168
726
483
153
862
312
782
253
253
899
875
876
649
892
789
376
147
690
643
720
122
627
668
146
440
575
235
481
151
866
694
292
431
165
326
587
819
433
325
200
468
196
294
645
859
527
193
629
133
359
350
576
580
438
721
771
718
478
838
210
528
549
609
351
145
412
881
741
843
195
733
113
325
285
495
301
898
443
113
830
394
549
810
505
363
384
481
789
545
762
367
524
718
527
426
137
674
695
484
604
251
498
633
113
690
331
184
373
235
399
585
110
699
416
736
352
809
753
400
475
510
826
108
271
568
428
398
216
493
592
293
259
455
421
814
648
627
241
431
518
898
230
703
575
155
709
105
724
781
108
681
612
887
668
480
379
455
123
270
283
817
695
414
592
141
540
496
815
553
191
256
537
404
705
230
511
667
327
169
238
846
141
412
779
115
319
475
238
878
609
357
230
718
422
361
496
884
516
223
171
700
340
416
849
372
307
330
683
610
176
168
446
792
342
827
293
332
898
242
232
142
432
173
217
521
803
422
535
789
535
897
653
240
411
652
590
872
247
495
368
335
212
662
794
664
489
382
291
639
652
424
868
629
157
840
211
510
507
183
449
602
523
587
484
784
304
461
233
106
247
482
657
879
876
240
343
131
773
486
346
422
525
222
841
538
236
566
770
888
168
343
872
252
701
759
703
417
254
370
494
542
224
810
567
369
525
824
127
347
805
642
269
292
200
208
578
585
336
779
600
127
178
856
179
235
502
409
573
709
336
255
267
788
554
730
875
260
275
818
875
364
651
130
227
772
426
631
854
754
431
806
758
553
541
864
270
850
813
132
271
526
296
225
461
312
190
258
536
325
532
887
630
489
854
594
254
620
257
229
432
115
665
281
312
404
643
644
842
563
507
130
413
421
871
131
494
280
536
255
475
203
535
585
716
352
304
826
834
233
185
442
757
189
817
671
599
717
499
143
837
425
271
506
459
177
453
354
813
298
552
849
402
875
759
379
321
446
553
135
886
630
666
