694
165
442
240
136
864
175
533
358
509
376
490
388
453
572
617
645
605
590
490
739
411
578
502
111
473
808
477
659
168
135
501
257
692
261
890
455
242
708
668
694
256
484
800
583
530
287
893
239
464
256
503
395
459
375
385
157
612
634
540
404
374
157
367
771
746
527
350
768
157
727
404
586
786
793
697
766
136
352
333
824
810
443
769
647
698
547
477
658
687
291
811
410
703
714
646
760
237
262
223
573
406
681
123
703
821
102
152
121
120
771
486
465
226
744
670
488
631
112
705
387
702
879
428
545
394
150
843
200
844
790
681
459
686
755
769
415
408
447
764
743
626
364
214
447
117
489
401
736
434
883
693
538
193
150
567
740
420
622
530
842
730
462
621
687
127
221
658
313
360
773
462
299
803
400
462
764
487
386
576
868
438
293
513
220
531
214
274
791
839
245
469
397
365
533
195
720
855
854
485
887
568
865
720
631
838
717
177
479
594
811
644
102
477
544
683
489
186
328
874
874
507
852
225
323
247
553
536
283
668
233
192
709
591
288
365
449
799
514
195
194
849
752
382
399
577
351
290
203
131
759
499
782
797
268
696
392
575
671
684
594
888
627
809
868
202
485
812
360
648
425
422
686
291
581
495
188
640
527
420
162
275
858
877
802
277
604
166
159
372
345
717
384
785
775
837
673
546
730
136
161
864
172
715
274
515
266
393
838
302
460
533
439
152
280
806
593
422
162
197
356
607
252
204
637
607
285
490
321
758
333
114
606
549
674
150
708
148
396
894
430
578
769
675
330
276
409
571
844
355
558
633
163
484
271
410
508
138
219
888
586
460
821
333
520
695
569
807
558
211
897
323
543
215
527
499
508
347
185
129
128
507
226
118
275
555
122
265
756
679
266
772
447
602
697
529
164
338
701
741
636
103
899
736
365
275
577
113
514
312
246
481
880
527
252
877
674
145
327
651
610
592
469
271
134
339
155
586
583
778
603
356
793
309
657
642
513
831
455
897
701
585
831
574
358
292
276
346
272
116
136
407
479
712
134
309
662
189
703
170
430
404
248
705
613
406
854
807
646
635
526
330
390
594
649
602
333
849
629
145
647
859
477
186
768
806
752
662
320
485
358
136
161
149
881
645
516
557
318
284
100
626
456
804
705
217
295
126
558
727
716
795
280
466
350
210
307
575
192
700
165
434
355
886
707
568
627
860
283
822
708
635
362
266
845
443
554
131
481
695
158
290
508
601
708
163
516
889
305
618
781
416
828
382
836
338
769
808
231
693
267
895
728
486
204
368
692
647
644
876
725
348
302
465
776
707
665
669
401
103
229
166
663
728
500
480
541
220
178
184
302
108
849
225
880
589
491
238
250
214
209
104
514
144
387
227
796
425
800
683
427
704
491
209
888
792
628
820
849
507
431
719
461
423
529
218
233
824
371
812
418
699
630
334
675
569
356
712
425
297
480
224
592
875
242
854
106
327
492
769
284
821
538
232
737
428
187
607
409
652
396
201
628
370
727
505
323
192
654
854
407
616
617
405
750
574
422
266
467
273
250
282
613
704
446
606
320
256
372
239
836
478
404
544
190
681
740
117
641
499
333
834
159
355
173
804
277
493
124
156
562
538
582
230
207
770
292
175
135
708
877
612
411
476
511
872
206
483
229
153
688
822
234
273
573
196
593
451
127
648
686
275
761
605
199
415
158
135
705
885
539
657
153
262
628
225
276
871
177
290
123
695
551
155
365
352
370
371
753
294
696
674
206
736
371
454
334
412
468
866
358
642
846
707
587
842
760
549
672
587
256
577
433
315
628
772
836
850
128
331
376
739
390
140
408
542
593
214
472
827
799
232
802
331
387
468
739
623
661
256
524
112
142
674
689
480
222
590
750
815
224
518
679
778
668
303
131
282
140
162
113
418
868
574
892
441
714
275
897
477
604
848
699
136
121
373
522
629
232
109
805
825
890
538
607
167
301
835
262
877
248
484
483
673
528
267
537
464
212
333
634
791
420
737
779
530
742
892
685
320
101
433
568
847
119
306
686
288
441
387
223
705
527
800
100
600
207
158
623
676
597
451
531
490
182
880
567
548
803
307
309
619
725
772
731
148
865
375
121
710
778
490
233
420
335
533
670
195
236
847
353
641
602
414
328
246
766
892
495
569
327
810
429
724
810
350
513
831
702
571
267
648
192
804
172
712
394
889
846
740
152
574
315
323
147
510
137
204
695
215
148
475
601
299
882
783
531
500
101
193
771
374
568
895
361
829
261
453
283
766
816
518
646
384
385
374
817
161
759
624
384
268
571
881
230
777
625
280
808
468
629
707
238
275
574
767
653
346
357
831
628
299
102
586
138
180
287
555
765
610
317
877
231
884
200
288
649
345
109
878
723
223
269
487
267
569
566
652
141
671
344
633
818
723
393
269
326
264
420
658
508
216
884
381
601
618
548
757
631
520
716
507
382
740
778
657
591
649
262
775
165
136
176
396
335
265
848
722
140
582
671
642
294
662
247
399
561
680
585
618
700
406
111
533
376
470
398
682
480
552
655
832
706
503
443
173
526
380
522
758
372
180
294
749
242
643
611
714
386
648
402
809
209
709
122
125
857
634
559
780
172
653
189
544
452
304
868
502
546
336
691
601
767
226
388
154
223
257
658
266
385
739
725
771
765
176
255
179
214
495
703
259
662
556
423
595
640
599
890
737
360
193
746
217
838
882
354
561
205
427
784
489
225
835
616
793
898
517
239
679
401
688
113
309
149
295
228
117
207
255
496
574
681
269
535
519
394
854
176
441
257
422
267
381
539
881
538
515
632
533
411
204
319
216
572
688
587
429
214
679
162
825
840
504
283
653
747
105
555
823
525
747
850
301
668
436
262
856
455
638
169
781
239
599
206
125
769
751
804
248
560
786
318
854
442
104
149
449
338
130
562
832
601
607
309
599
166
593
528
215
772
404
256
237
766
803
687
266
158
654
524
308
441
554
246
237
144
813
525
351
842
283
891
653
366
775
212
786
195
793
101
384
540
100
350
753
289
755
827
405
787
770
692
846
222
740
295
224
369
577
658
267
248
627
318
454
482
249
805
246
428
580
770
180
873
175
553
694
142
401
533
168
505
647
802
238
821
175
732
402
249
580
478
756
734
529
250
468
766
325
511
367
606
691
270
126
618
525
772
121
133
724
148
898
859
739
186
811
516
724
337
665
198
874
362
700
124
653
169
742
900
676
842
154
788
784
854
513
745
406
636
747
244
219
552
216
871
719
422
610
746
528
440
505
539
336
843
598
502
256
473
209
278
144
724
317
406
889
786
383
459
730
466
789
642
815
517
156
367
371
140
639
495
296
359
218
242
126
526
215
474
242
340
143
142
800
618
680
854
355
496
637
651
100
170
522
240
212
416
434
507
866
647
242
163
692
638
850
321
395
580
419
899
115
577
651
777
134
636
122
333
185
714
574
259
135
828
263
711
811
661
316
698
260
330
812
626
195
779
433
473
863
524
753
652
309
503
464
896
371
578
544
631
687
486
362
502
485
150
280
103
864
602
333
684
824
627
357
304
541
226
281
802
455
815
397
696
240
228
457
727
634
265
328
733
486
768
122
368
486
889
578
502
673
712
604
777
696
433
900
145
557
812
381
716
221
290
625
172
160
739
155
260
588
684
645
510
469
153
894
731
304
638
393
290
698
582
832
285
595
265
317
447
685
666
567
530
363
897
428
877
176
265
109
729
310
306
308
369
244
351
453
538
141
157
738
512
615
549
337
230
135
566
727
823
645
445
883
444
646
873
376
590
665
286
453
737
855
612
367
572
614
556
200
475
777
610
483
177
565
391
484
220
785
701
273
484
177
573
887
552
602
389
565
590
140
744
142
644
496
723
436
523
374
426
334
140
759
597
653
329
482
480
771
247
888
703
162
132
297
716
783
797
130
205
519
241
330
510
656
821
222
648
868
310
399
490
826
116
583
369
599
571
208
390
197
668
881
348
238
748
253
418
212
755
502
525
895
713
162
535
781
160
261
676
810
293
622
877
760
411
608
725
499
474
861
108
214
181
900
166
600
205
805
762
163
468
361
601
448
708
277
595
414
172
645
168
284
288
483
631
329
705
680
175
866
561
118
878
311
437
857
624
174
424
354
225
503
387
664
408
857
782
236
541
240
452
593
250
720
109
317
199
793
559
419
878
822
209
665
749
492
465
183
821
113
466
549
207
769
419
197
404
124
156
129
771
360
859
846
317
114
105
768
375
714
594
383
726
324
790
743
171
179
657
304
449
802
195
373
688
396
739
612
754
801
478
539
192
366
243
252
744
527
440
232
619
893
294
561
223
880
228
676
366
278
218
336
541
282
256
629
651
815
398
606
787
707
503
528
469
111
687
206
737
269
333
198
178
708
666
549
325
673
597
433
878
117
629
178
210
316
880
213
835
704
526
621
230
506
319
134
874
381
382
754
517
499
896
304
871
788
104
570
125
143
652
880
758
445
492
900
784
363
109
167
159
644
341
645
225
858
511
237
747
348
718
524
306
687
688
487
104
715
542
658
511
768
512
858
522
392
481
343
445
720
342
843
715
875
290
433
499
652
106
356
213
619
713
100
408
364
690
457
310
307
553
767
652
105
711
295
387
515
848
135
766
247
340
578
762
360
226
787
702
109
684
703
475
120
519
269
615
371
486
112
325
599
899
882
257
256
860
829
226
834
619
395
592
640
251
836
443
194
775
822
774
559
588
209
218
439
826
229
423
377
892
437
261
523
116
467
324
592
438
270
190
422
340
691
720
125
595
640
222
415
212
395
172
839
837
730
195
527
550
895
107
555
160
580
138
109
873
748
176
383
245
641
656
163
510
634
642
508
648
129
206
674
531
187
772
308
899
425
290
802
349
112
375
550
714
484
199
267
247
103
511
346
410
264
520
623
148
157
579
842
756
193
536
584
338
588
559
101
295
335
355
813
690
129
147
653
484
685
655
873
111
497
230
807
668
411
257
458
157
437
327
291
674
383
672
600
490
325
435
176
635
309
248
115
336
276
437
446
587
777
197
743
115
514
479
725
272
857
143
661
578
778
259
382
815
565
825
734
365
377
327
838
747
500
817
353
628
743
137
742
425
594
311
660
305
211
205
764
297
444
311
370
166
184
784
501
655
731
484
841
126
159
724
483
725
896
543
263
551
593
367
140
453
494
721
550
880
811
244
636
117
849
665
881
591
194
853
819
559
675
758
829
381
408
586
765
138
717
733
222
444
636
772
886
390
754
206
218
154
680
593
247
285
478
857
246
439
649
664
769
442
492
448
249
380
742
484
504
794
233
451
581
635
523
324
526
514
714
828
568
500
197
642
430
564
460
892
600
153
689
844
797
109
846
607
254
154
722
615
210
521
569
254
232
533
661
532
897
650
747
550
396
648
558
733
489
447
714
181
429
203
763
319
397
865
820
164
135
671
624
633
418
166
482
254
318
242
271
840
275
556
315
131
371
225
838
491
137
253
536
551
520
249
393
660
151
784
899
127
111
756
693
484
172
816
255
662
263
595
622
562
342
488
234
588
538
886
735
240
295
733
830
454
250
299
266
349
640
138
776
633
426
795
697
685
206
897
615
755
803
104
645
780
679
683
140
557
197
508
166
374
466
280
692
133
616
803
830
209
776
897
274
343
495
772
502
568
162
308
471
586
573
479
621
608
503
181
815
297
493
709
479
711
286
602
789
457
752
374
576
503
276
557
520
340
816
765
849
874
225
277
433
751
356
489
517
567
274
682
697
165
727
657
560
185
564
248
180
631
673
793
400
182
431
304
642
100
107
451
680
149
858
823
833
510
209
570
411
335
500
891
229
805
553
388
753
249
490
742
821
452
804
403
317
157
814
823
568
267
701
547
711
211
482
331
366
887
343
306
502
588
290
847
397
155
587
547
543
334
718
825
348
428
299
393
777
241
784
565
348
671
580
567
259
298
447
895
534
257
583
896
423
662
769
459
606
805
232
644
249
729
219
671
571
446
858
482
611
592
144
188
475
388
856
613
805
451
754
295
520
126
112
887
475
236
116
397
880
861
583
609
677
334
779
214
473
538
391
247
773
544
527
268
474
851
442
150
554
617
123
479
726
638
361
319
247
108
566
175
781
882
389
344
262
510
637
533
632
872
387
884
275
428
847
429
152
806
331
740
203
662
856
823
127
867
429
381
706
337
566
556
188
598
274
550
572
224
329
454
488
463
445
488
135
120
373
311
185
306
244
732
403
751
837
841
454
717
557
831
206
669
553
794
840
605
258
857
532
699
252
553
299
742
606
585
604
432
189
278
627
370
368
717
843
256
701
831
360
898
172
456
404
742
578
155
417
767
891
118
175
476
228
270
599
334
368
440
317
892
461
713
374
637
141
873
757
765
146
737
543
774
858
715
386
876
599
289
889
819
883
523
392
479
815
262
293
623
640
409
557
536
512
119
289
890
460
826
366
493
312
688
297
306
301
218
467
709
666
571
272
486
422
721
601
772
769
764
310
261
697
679
805
739
849
672
569
500
753
399
341
578
746
566
449
728
818
158
677
767
257
786
876
245
777
502
420
248
386
795
718
285
115
858
267
158
103
400
328
167
749
745
329
816
416
357
840
203
721
392
828
497
421
663
470
837
625
164
231
267
858
398
155
377
694
802
894
574
781
528
487
682
274
660
340
171
874
392
185
860
130
403
610
219
182
250
233
806
864
311
873
267
228
868
234
766
762
272
592
126
291
343
547
564
722
576
231
422
510
345
319
169
342
363
893
867
560
599
206
788
475
683
288
372
543
103
751
246
332
416
103
225
424
818
493
689
255
247
706
678
166
842
226
648
646
449
199
312
210
792
549
315
543
427
869
666
806
696
750
210
119
442
756
272
669
797
338
145
413
676
861
136
305
558
599
793
604
276
220
209
499
235
872
502
239
681
742
887
891
743
112
351
670
844
456
271
863
364
372
147
375
380
393
185
430
850
708
831
641
845
711
229
549
817
321
446
251
709
634
452
105
312
143
616
766
429
870
322
587
520
664
144
532
514
215
650
774
427
449
400
638
664
748
296
305
585
281
440
352
408
284
591
404
541
270
477
292
803
805
323
339
444
313
834
665
761
348
311
540
501
190
599
586
686
400
519
624
797
685
534
811
137
659
595
378
790
373
691
167
581
110
589
791
102
491
699
366
671
889
315
409
710
536
253
239
296
593
666
754
128
887
154
686
334
804
864
426
620
559
149
613
665
320
321
540
258
424
836
531
142
314
693
634
444
867
144
661
679
414
356
488
300
339
429
831
671
436
421
343
614
409
177
773
364
470
575
784
838
290
610
897
740
337
687
258
761
222
545
587
263
797
319
601
526
853
315
240
828
262
150
338
412
167
685
555
568
421
616
336
621
684
664
125
126
272
732
151
427
148
187
133
802
369
658
337
221
124
699
409
459
806
567
819
511
358
643
197
632
307
331
726
580
369
399
691
101
184
223
613
895
413
881
158
659
253
155
431
163
199
819
802
681
562
223
676
775
621
585
754
439
208
719
211
129
463
851
273
773
682
167
532
214
627
751
146
113
778
611
806
213
687
430
413
324
208
798
775
542
196
754
170
890
837
887
603
716
173
548
362
325
817
411
834
469
330
249
274
579
230
151
780
870
810
300
756
279
483
495
202
756
181
115
337
839
871
506
765
736
578
368
429
793
427
119
547
505
152
663
309
109
900
569
659
772
193
273
361
814
653
872
147
514
709
423
289
425
569
745
852
831
571
178
265
858
560
262
477
371
762
821
704
536
816
483
665
400
481
145
116
194
172
693
306
783
606
792
216
239
691
695
550
364
827
529
359
823
858
620
119
702
634
227
353
195
263
544
662
413
313
254
746
330
789
562
653
449
577
240
129
401
739
818
202
332
620
200
390
821
508
641
441
710
784
712
350
381
662
750
358
859
664
345
242
372
403
348
632
585
782
455
459
824
336
805
541
791
106
532
701
779
356
496
640
577
648
768
578
672
899
262
346
171
582
396
238
615
267
391
759
281
100
497
657
886
897
595
102
539
199
348
652
666
739
829
851
220
800
256
107
778
535
405
879
324
537
556
232
229
851
312
446
792
555
521
718
372
136
593
109
749
477
339
337
310
235
853
628
690
752
485
176
666
115
769
100
766
149
222
278
104
278
825
670
179
620
385
684
787
613
850
563
522
251
235
136
561
439
344
144
433
311
132
372
338
271
611
842
517
672
826
833
343
863
568
362
685
848
478
395
216
259
600
468
823
567
114
741
696
634
151
506
346
855
126
294
533
697
309
225
256
733
829
321
160
281
628
679
727
427
182
576
448
391
870
507
733
272
376
714
121
263
220
329
276
777
781
248
243
305
343
690
410
787
540
745
403
305
600
732
372
386
307
606
473
469
100
117
280
742
878
521
523
182
700
686
825
729
312
876
520
809
703
486
539
392
489
444
723
742
688
148
377
608
272
182
531
377
144
202
565
219
655
304
840
614
434
213
203
286
436
608
417
456
133
596
155
240
746
496
656
653
264
358
192
220
803
593
308
890
319
250
525
604
207
593
709
415
532
239
183
396
314
378
872
890
485
512
691
108
445
477
607
473
346
585
466
149
877
211
499
795
187
565
625
127
520
641
335
290
580
397
123
256
195
551
312
452
426
528
253
295
704
180
891
814
308
221
427
424
718
804
413
232
560
873
507
882
588
580
294
881
439
110
365
671
529
715
339
285
847
198
268
545
369
685
251
412
766
707
368
815
894
474
338
462
866
203
836
590
478
217
469
264
424
873
759
681
283
425
871
215
715
559
605
334
389
755
749
878
343
870
180
685
380
370
178
103
695
522
216
869
673
245
717
258
836
678
485
405
310
845
409
614
368
635
856
265
203
705
287
617
639
890
863
702
838
222
439
232
749
536
725
203
174
615
809
700
224
221
573
522
143
490
868
389
765
544
666
129
529
381
345
767
149
740
853
894
290
334
603
319
311
548
477
518
121
100
796
803
107
379
301
391
262
255
553
184
271
857
461
488
375
730
664
683
253
451
725
210
325
899
201
189
558
779
123
233
138
501
798
750
269
803
394
118
512
899
862
222
176
511
189
347
239
466
263
538
138
368
467
533
773
447
192
719
380
624
573
423
662
661
734
750
404
295
240
706
494
676
398
316
784
500
357
121
691
536
196
730
314
142
892
467
527
805
390
680
191
465
132
743
797
881
525
733
713
790
627
305
489
420
146
566
389
655
647
801
433
293
170
332
167
115
502
355
183
475
258
369
547
637
551
851
483
199
356
820
412
397
730
693
589
331
764
829
525
661
100
672
591
799
286
151
176
639
266
217
886
372
778
889
388
586
273
594
444
509
491
747
636
652
416
607
618
455
341
524
402
533
381
342
535
789
490
761
133
229
131
270
888
121
292
630
553
886
315
508
100
488
238
462
308
544
113
708
441
840
109
404
831
698
195
474
168
739
499
579
102
526
876
812
880
243
815
630
615
565
240
671
183
596
830
697
225
475
552
244
410
803
543
232
125
134
243
112
635
701
245
742
432
657
182
402
148
272
137
167
802
215
845
765
754
797
344
682
540
104
758
607
408
661
123
336
154
865
138
270
747
439
533
272
277
212
754
386
156
557
751
147
483
186
319
620
628
351
308
316
579
619
593
258
848
547
290
402
543
548
144
732
588
813
900
571
464
797
879
521
308
101
125
311
417
771
218
250
620
288
352
167
156
669
808
848
882
489
608
229
553
113
849
822
159
687
135
745
659
870
806
369
462
699
310
129
169
122
735
576
300
575
467
130
135
577
758
632
612
720
110
850
788
176
439
573
135
726
218
869
754
541
894
134
260
563
748
804
227
320
113
169
104
333
799
653
895
101
807
862
633
787
773
645
230
872
791
553
126
391
815
449
283
848
366
152
845
256
653
303
161
405
751
728
616
168
573
330
248
378
448
215
684
887
755
897
608
780
101
424
535
436
140
550
181
884
554
733
288
513
784
655
650
570
839
446
878
845
179
819
691
817
238
319
320
332
616
180
650
143
621
647
813
497
552
834
347
693
458
675
419
149
508
211
764
110
247
579
817
154
358
545
362
274
456
566
821
728
653
111
814
102
818
162
775
212
661
533
115
671
371
182
302
748
628
368
745
781
695
107
586
808
228
898
639
595
257
850
438
611
264
813
280
557
383
331
452
894
870
841
813
828
489
131
391
297
145
296
504
155
790
795
165
731
610
213
568
753
897
786
141
442
895
807
580
664
533
592
107
538
775
442
823
794
243
777
739
311
353
150
265
875
290
541
130
696
214
445
614
457
580
806
304
694
144
704
615
653
757
609
893
540
813
738
252
647
678
477
214
188
817
334
275
268
203
140
709
746
755
108
374
784
123
841
425
510
127
549
142
778
122
321
350
190
706
411
405
447
844
322
786
626
142
263
320
459
214
153
514
205
833
662
570
527
118
615
885
392
765
263
720
605
791
249
488
341
230
324
590
218
824
117
180
372
353
352
531
821
692
418
161
489
495
831
432
750
339
368
613
467
410
455
236
509
597
843
578
322
710
304
446
594
697
546
892
136
525
770
133
105
873
544
173
759
825
728
586
385
664
795
619
611
340
581
758
295
585
671
165
413
791
349
866
149
622
279
248
868
659
547
497
782
372
439
812
420
111
886
836
294
308
826
115
560
614
153
303
677
517
780
587
330
543
387
144
748
881
335
837
159
789
390
696
866
232
726
685
473
621
413
369
831
825
754
890
135
259
805
873
669
388
163
567
866
897
496
372
681
439
333
486
247
125
133
104
398
566
250
267
165
659
758
458
691
858
272
147
584
513
745
786
199
581
466
550
595
564
855
541
726
592
458
313
481
606
477
641
557
160
797
660
219
690
161
731
876
741
498
859
482
773
274
799
533
213
292
293
382
273
136
736
810
435
862
492
584
111
769
319
433
367
624
438
336
755
845
722
349
243
117
363
738
766
815
377
540
790
781
137
460
688
255
746
648
702
420
680
541
329
500
865
507
250
627
573
249
135
555
343
281
439
867
742
309
178
170
724
372
427
570
165
238
487
380
628
365
343
460
868
401
352
667
547
498
212
476
860
745
619
710
675
780
767
267
186
271
900
755
693
174
585
682
380
634
498
572
206
869
895
822
283
275
257
481
599
114
687
286
636
739
579
551
658
829
765
515
774
605
279
635
821
449
237
720
628
846
353
200
275
168
716
667
687
100
317
708
897
740
594
514
685
420
565
612
708
727
221
149
571
761
139
699
571
621
251
649
403
780
807
422
724
249
804
723
813
649
214
435
378
466
270
629
197
459
761
560
186
307
416
587
288
557
148
116
329
880
562
151
217
438
804
589
681
713
666
338
476
660
737
440
768
209
186
155
617
483
685
772
667
271
648
202
166
409
200
353
875
277
377
223
648
720
777
575
373
802
206
883
166
143
252
185
272
486
544
460
290
178
740
161
520
526
352
892
391
163
176
308
132
647
297
414
314
581
362
378
319
582
646
683
412
454
384
162
667
140
658
348
687
296
412
682
261
684
848
838
446
774
608
472
323
594
687
338
314
704
629
640
642
309
534
406
705
760
622
276
153
873
366
748
870
460
496
483
555
259
175
239
850
474
658
740
235
149
758
262
670
877
587
532
362
525
401
494
445
289
351
365
301
261
700
862
442
676
274
506
799
858
431
495
371
301
835
550
625
295
256
535
523
381
809
496
376
667
588
542
591
133
173
443
188
501
440
374
760
238
471
478
468
816
671
840
620
286
847
550
494
276
227
650
512
214
767
205
245
423
402
287
513
527
129
484
408
523
453
768
265
347
738
448
587
570
753
579
543
452
358
675
543
223
265
719
208
582
120
471
614
402
426
669
701
507
544
821
461
570
216
509
176
233
419
661
885
164
582
146
793
125
180
287
249
746
567
205
615
866
816
196
782
844
422
148
589
491
765
635
214
701
641
305
669
748
154
684
718
732
794
388
700
506
795
625
753
368
534
599
833
545
780
633
629
468
768
492
893
748
884
318
711
627
759
484
816
689
379
850
320
751
140
892
734
360
851
680
276
153
503
689
236
230
217
660
136
638
110
288
614
716
898
372
764
667
715
238
886
861
222
827
336
215
789
212
217
873
181
436
718
743
388
492
589
368
141
469
578
179
705
320
655
444
889
309
154
205
273
516
602
220
441
474
357
573
654
582
572
447
601
417
836
809
640
496
430
624
289
157
700
467
416
355
333
784
179
465
801
362
478
112
869
125
870
130
153
508
250
630
827
835
852
676
164
314
600
378
328
482
229
551
178
481
330
645
232
853
297
775
343
114
894
884
259
746
239
393
868
625
634
432
758
162
687
302
657
379
722
497
174
699
616
226
330
755
401
760
898
362
402
849
360
278
564
870
181
411
793
161
548
173
318
624
315
651
480
703
375
874
412
184
654
733
409
231
674
301
554
263
836
487
494
423
530
180
184
728
429
816
840
182
588
402
297
514
156
582
687
712
870
570
575
401
752
606
733
403
420
107
226
742
857
570
599
617
781
250
541
491
294
422
248
520
872
697
631
257
598
304
285
571
854
306
617
564
472
847
683
370
142
863
145
663
833
182
579
130
596
694
314
748
186
300
422
879
451
340
395
562
538
148
491
168
727
119
601
100
380
368
442
511
508
511
716
372
527
873
649
729
735
756
102
519
636
137
301
768
183
594
828
649
892
352
171
750
745
877
173
530
316
749
738
654
885
132
629
162
158
664
459
426
129
898
412
566
855
238
183
887
531
416
399
666
541
469
190
398
809
469
751
297
286
681
878
396
514
626
767
458
659
731
384
830
459
717
704
452
435
860
559
236
290
694
646
485
504
342
554
633
307
649
132
318
666
264
135
627
352
357
232
218
860
396
846
669
374
271
697
842
422
165
169
726
315
496
804
256
614
759
214
882
238
129
648
277
680
707
575
566
777
787
234
643
498
241
140
395
675
649
165
886
717
538
622
386
204
845
415
535
584
440
126
761
218
626
711
739
351
457
270
899
573
555
718
334
447
714
121
338
477
333
736
236
556
637
878
513
282
818
843
367
792
286
229
653
342
454
261
378
102
448
388
353
480
754
548
466
412
228
875
647
127
848
463
457
627
889
726
699
615
577
366
338
232
713
220
104
731
218
265
681
294
279
499
222
195
481
687
245
824
458
647
337
207
893
705
369
553
670
596
286
306
168
542
614
592
622
203
680
878
102
523
316
829
442
546
439
623
409
436
876
165
330
875
418
604
619
718
126
333
899
776
158
195
288
735
745
111
120
311
488
226
269
477
341
884
878
245
158
892
817
501
400
602
813
319
713
427
191
349
800
133
216
263
758
211
511
586
621
718
726
403
412
338
862
498
892
560
666
372
853
682
606
524
394
497
455
784
122
369
602
796
885
597
164
436
374
258
778
253
405
119
833
130
196
722
457
577
619
474
136
688
806
508
682
285
404
479
783
744
480
560
227
349
207
377
222
268
348
396
412
275
445
194
774
715
657
766
440
678
824
767
608
240
598
744
235
187
147
680
369
415
141
578
868
505
417
805
455
290
597
763
148
780
400
659
178
705
504
523
267
