421
318
426
495
297
241
643
344
300
864
412
128
522
661
752
834
784
449
565
764
444
552
772
261
441
291
854
158
550
174
856
167
781
474
150
278
579
881
820
260
645
175
190
162
521
844
900
609
448
832
635
657
644
130
540
538
603
660
355
783
796
462
732
465
326
118
710
646
412
856
191
552
808
550
406
465
480
867
229
403
235
304
739
151
611
580
131
397
752
799
696
806
744
270
473
168
149
240
729
830
829
206
175
306
584
778
179
890
484
526
121
547
267
473
187
799
506
862
447
745
173
152
520
247
749
271
123
214
814
593
553
254
182
505
295
767
125
814
265
660
369
768
311
199
380
657
630
855
275
490
602
510
838
822
804
323
598
425
566
868
790
815
826
886
723
604
703
750
697
665
211
364
697
651
769
402
362
617
216
752
158
411
349
227
200
871
553
577
117
320
680
146
540
670
746
373
480
205
141
146
237
584
105
735
489
551
796
347
210
711
783
448
659
801
319
257
382
393
755
183
281
720
389
593
655
495
208
540
459
176
162
626
486
114
465
156
789
679
844
458
334
193
662
382
283
131
448
637
237
466
651
255
703
445
442
694
713
639
783
421
404
637
575
414
114
251
413
194
516
797
838
772
771
126
117
641
840
720
448
383
183
380
325
223
139
540
362
140
482
783
801
751
544
254
509
445
247
737
840
410
628
873
892
834
293
514
811
513
553
210
765
140
169
297
796
750
405
367
223
896
397
161
233
109
318
825
655
388
424
569
361
348
590
442
666
474
756
337
719
368
805
327
170
547
679
692
813
159
713
495
205
796
757
306
858
333
539
271
594
614
145
243
250
122
114
287
593
820
486
315
202
708
323
192
588
461
377
515
533
418
366
683
769
335
316
160
296
585
793
245
434
812
189
318
491
776
283
263
103
106
748
499
544
540
475
330
361
110
412
412
154
220
118
267
509
868
719
681
382
897
813
773
291
620
390
892
220
589
411
630
446
617
472
626
744
453
197
723
745
392
135
772
278
290
690
518
720
290
266
743
729
761
448
341
328
593
588
522
195
884
290
464
676
456
451
368
471
653
438
468
387
451
875
270
718
165
764
583
487
160
755
221
238
568
545
724
205
282
771
385
737
541
140
268
653
112
187
168
731
147
282
227
479
337
616
371
363
554
272
347
696
636
579
813
136
834
364
280
659
333
362
552
834
250
477
346
674
492
182
395
573
403
785
545
760
656
779
406
623
544
205
280
693
102
866
856
726
252
448
105
563
796
142
582
411
264
232
427
793
641
230
789
799
252
481
592
822
731
491
323
487
372
856
421
342
533
203
520
258
670
139
600
503
606
783
184
671
175
498
878
238
733
155
277
203
466
240
315
649
199
324
609
598
457
784
116
385
358
835
534
422
798
429
828
535
412
874
563
557
254
709
379
532
709
108
358
873
326
654
493
753
433
487
117
527
333
459
757
827
739
801
239
889
121
803
708
514
323
120
887
862
357
873
223
518
489
366
336
570
821
218
383
533
428
583
719
849
246
497
691
237
395
573
489
660
727
367
740
419
380
727
836
674
595
446
298
329
680
155
440
247
123
556
546
578
768
687
392
116
549
519
315
566
395
414
346
113
703
649
267
775
888
491
836
667
604
608
732
675
385
362
894
364
459
589
402
559
541
461
501
490
377
810
683
824
416
602
133
536
369
625
742
176
303
560
324
736
744
211
615
515
378
395
240
820
873
496
461
543
664
387
162
505
387
298
314
140
432
103
438
555
117
640
798
759
199
447
161
626
682
797
108
593
739
887
522
873
102
326
183
528
136
295
728
173
617
660
477
147
400
813
817
117
340
281
388
799
231
798
466
281
130
860
415
177
718
677
304
749
555
660
789
598
745
199
130
121
230
755
581
550
889
480
196
806
508
254
557
151
658
596
719
880
502
261
454
398
465
328
395
197
833
666
528
372
519
819
742
896
293
566
884
809
852
205
703
476
846
627
483
882
793
791
506
162
427
411
231
775
336
635
694
158
113
439
161
302
131
745
640
664
200
354
392
602
381
267
659
395
390
879
813
416
360
264
744
249
311
334
381
773
622
695
257
429
513
588
237
725
659
276
128
543
219
528
774
399
745
353
264
329
830
430
674
389
679
634
743
565
121
191
367
830
461
545
630
454
264
874
550
212
116
704
440
614
291
430
488
734
659
220
624
281
306
530
870
836
465
899
612
831
698
583
833
164
263
512
396
310
635
327
614
277
759
874
732
795
483
819
453
309
312
883
744
578
184
847
761
801
694
637
372
802
435
625
576
766
577
844
209
771
841
188
686
821
423
182
449
342
573
669
461
203
877
717
766
226
567
765
804
368
524
552
147
421
448
183
669
778
582
151
309
812
334
553
176
498
536
552
899
127
154
779
204
757
648
327
182
283
491
547
575
212
510
757
606
806
114
568
137
593
619
279
323
830
237
530
592
572
508
325
830
556
871
221
409
138
303
695
297
534
347
141
757
593
599
316
608
675
575
486
400
716
638
719
894
472
738
510
450
423
374
659
772
311
108
584
213
435
327
659
549
892
112
474
116
517
650
808
272
740
400
247
842
770
254
272
169
745
157
870
683
179
277
293
899
491
808
740
174
499
457
891
729
213
321
829
880
405
440
748
243
752
219
467
411
742
502
194
420
306
548
644
725
705
293
566
417
359
592
296
758
367
342
608
399
767
444
749
327
602
516
619
674
180
824
305
412
160
897
191
709
726
855
492
895
807
350
661
560
652
523
718
696
241
209
770
105
573
846
889
566
858
830
244
625
379
883
864
502
377
637
302
595
322
264
893
468
298
781
437
480
283
236
692
132
735
340
620
144
489
298
224
555
830
222
859
847
749
555
459
720
173
499
795
221
301
549
423
127
534
130
755
282
458
546
858
710
290
737
700
700
192
170
752
875
883
405
176
341
859
552
688
496
420
483
350
338
693
239
176
636
379
410
111
568
738
618
340
818
270
747
798
396
219
368
780
469
882
623
783
548
168
479
321
627
486
731
190
319
491
253
700
529
454
484
524
388
456
545
637
116
236
713
651
184
269
431
304
184
774
612
388
164
705
852
853
678
205
505
489
111
289
332
187
714
841
347
877
507
224
781
876
218
284
859
443
171
220
248
405
536
544
153
673
790
405
380
686
309
647
484
179
746
326
858
153
737
154
385
307
615
396
838
531
420
198
465
106
351
680
426
759
503
459
314
383
150
319
700
613
751
376
389
370
470
258
619
364
111
467
571
588
687
350
132
188
268
347
355
738
694
213
238
662
132
541
329
844
304
664
550
312
535
151
142
843
492
132
212
454
345
394
601
323
655
263
549
162
111
757
535
470
864
481
815
130
709
730
586
485
650
614
640
211
780
435
495
492
725
173
899
750
617
819
861
493
827
727
581
412
218
516
130
482
434
632
733
171
176
713
455
234
546
560
822
208
134
664
439
717
347
750
193
154
884
401
265
108
652
265
479
421
561
559
124
650
744
116
625
609
364
529
691
237
257
833
228
698
285
818
744
302
755
131
106
577
820
214
380
824
172
349
273
295
492
100
256
349
482
334
549
472
418
718
465
236
544
862
153
894
275
789
427
122
143
645
844
840
118
327
277
645
599
187
202
820
745
819
567
742
429
243
242
754
490
200
278
393
845
411
722
734
735
306
539
669
191
851
747
185
776
615
859
598
458
876
368
820
122
748
324
213
331
410
366
823
414
570
690
207
694
584
869
139
475
197
771
272
214
461
820
121
638
525
318
199
693
299
252
146
489
656
563
332
653
874
295
691
297
269
378
893
233
890
351
342
244
540
544
768
527
148
807
798
342
287
594
182
868
273
855
849
458
807
856
848
740
560
465
263
511
614
248
679
249
119
783
858
871
632
421
390
501
444
506
397
720
279
490
529
214
129
557
430
712
858
119
519
696
691
528
144
650
712
305
447
646
761
777
217
558
671
874
559
403
314
210
472
237
355
100
405
146
349
385
219
574
738
597
182
545
707
595
779
710
179
524
851
224
525
327
445
704
706
615
557
159
569
531
537
657
428
504
126
582
315
399
616
845
519
669
806
102
578
267
516
471
650
745
361
598
212
650
814
714
387
418
325
685
810
758
741
452
210
544
668
387
294
558
777
445
773
427
106
423
704
600
708
114
584
696
713
712
719
211
270
444
689
715
795
390
466
463
494
654
429
587
759
806
251
702
776
777
683
373
217
900
745
618
301
573
644
740
568
503
270
180
110
708
109
133
892
811
350
526
450
670
665
820
878
621
163
169
607
271
348
652
452
303
626
783
668
251
414
743
230
473
803
153
384
745
178
339
484
221
288
884
454
265
449
781
896
859
194
162
461
597
107
806
271
468
430
218
546
144
494
602
892
676
728
772
107
309
443
681
254
815
896
473
140
636
427
103
235
474
399
252
212
545
660
764
536
212
287
286
560
237
422
436
383
862
313
866
272
900
485
463
129
296
342
196
763
762
106
777
421
543
471
846
700
520
192
507
284
293
883
519
860
377
711
482
101
556
782
113
200
428
228
163
496
790
654
247
276
154
621
639
418
496
201
527
849
669
728
254
199
628
687
811
408
591
282
823
857
314
803
569
143
371
677
820
774
376
512
223
189
827
649
774
896
117
304
578
279
666
323
485
300
512
822
874
426
511
825
732
637
870
744
382
334
109
879
576
122
588
244
524
468
290
785
692
109
485
139
210
231
430
485
615
480
570
408
735
409
585
858
699
627
733
304
286
384
561
588
649
873
585
733
416
157
732
843
590
141
385
453
234
480
269
352
372
603
516
415
761
431
775
198
481
712
415
391
155
875
257
512
744
185
560
183
531
430
428
294
681
316
175
621
886
539
270
147
281
331
299
127
642
788
361
596
155
616
478
573
333
249
670
339
253
625
109
265
108
400
532
455
585
550
482
137
264
762
688
292
298
420
641
402
367
154
102
816
807
646
655
483
562
310
316
582
729
860
407
658
492
874
460
844
757
365
130
387
825
282
529
560
671
883
651
148
812
386
292
212
892
379
656
782
555
759
567
798
675
190
565
720
801
550
784
760
155
497
442
422
206
853
361
401
700
295
187
410
752
274
103
479
703
742
717
527
496
182
305
842
512
570
732
593
714
316
142
273
686
756
623
293
108
601
487
386
606
735
419
812
245
700
204
535
887
511
406
258
300
319
741
643
630
599
808
104
125
622
594
379
871
370
406
871
343
677
284
227
695
569
591
304
426
878
124
537
813
581
494
511
495
306
827
106
140
284
317
227
212
293
278
509
771
771
744
818
263
498
273
882
755
679
531
302
290
282
597
199
820
900
319
113
126
853
672
558
683
156
835
629
301
187
850
827
189
663
653
800
709
639
599
725
361
437
872
168
291
852
808
254
493
818
418
231
507
574
287
232
173
107
806
100
734
111
136
758
576
556
859
171
282
104
760
303
283
504
170
501
304
855
663
884
331
472
410
838
191
373
638
496
302
896
472
141
227
874
312
424
324
809
540
479
562
771
137
658
610
629
562
149
745
535
825
829
691
100
304
150
231
830
323
692
540
809
561
704
492
607
848
542
135
215
351
770
211
785
184
441
117
780
889
843
294
631
672
462
406
879
797
856
841
722
286
894
495
395
503
120
215
107
437
421
711
788
356
596
849
349
566
656
695
279
335
315
734
164
835
609
538
316
413
415
794
292
165
174
896
412
226
465
329
341
526
810
652
451
350
771
295
471
324
378
454
202
773
715
720
153
353
850
511
607
400
387
449
895
219
627
219
439
563
321
797
431
512
390
607
459
859
668
263
173
841
721
520
331
325
406
216
834
878
576
228
416
727
470
686
889
562
325
759
581
720
225
718
609
529
428
453
630
158
391
723
479
401
149
407
158
467
237
588
376
183
145
434
503
853
710
875
587
353
342
200
164
649
632
480
473
126
636
778
183
104
202
376
244
482
710
823
576
324
733
425
628
217
510
218
430
863
227
316
322
452
437
157
703
702
290
602
462
780
184
296
879
407
620
518
245
536
662
581
382
190
782
466
676
872
442
686
651
199
266
155
766
843
554
127
319
392
475
517
898
100
515
108
874
582
244
324
865
111
155
157
420
775
856
862
532
138
338
159
145
682
453
731
131
163
462
696
685
402
298
622
281
527
793
724
459
216
699
389
852
466
882
133
462
713
739
367
130
397
183
529
803
820
673
443
276
717
201
592
789
873
563
553
686
544
283
814
601
698
860
527
646
354
821
348
161
590
561
330
121
787
462
559
569
426
789
350
786
854
134
686
743
688
766
532
800
171
199
405
827
772
716
532
236
618
619
150
144
340
158
801
223
751
872
366
196
446
129
432
385
664
437
626
412
544
720
528
806
515
100
125
789
571
660
888
367
471
221
321
679
763
780
820
710
855
406
442
744
498
572
730
105
319
878
694
621
618
592
147
289
659
272
841
749
533
682
545
165
227
142
301
233
720
629
130
369
378
550
136
796
342
583
292
622
240
629
246
394
174
768
852
340
315
312
841
312
632
127
238
195
165
419
614
590
877
133
304
256
709
167
877
544
342
650
486
412
360
603
841
497
718
644
185
571
479
855
453
324
305
601
520
464
858
416
528
327
369
719
311
345
522
830
381
842
166
304
841
295
711
410
397
315
103
173
423
624
853
651
345
829
261
532
809
484
373
367
375
256
768
299
696
482
384
233
145
551
589
633
410
515
226
867
496
230
605
127
655
198
688
398
404
518
331
186
874
180
732
107
427
163
382
173
743
273
345
509
419
304
423
639
364
136
579
824
452
410
327
364
705
791
391
680
168
811
649
422
211
600
605
843
420
253
796
132
621
889
555
261
231
422
334
253
657
116
637
833
352
580
224
102
806
697
836
453
193
472
199
893
201
287
447
717
678
487
805
404
731
759
166
477
802
141
101
612
615
218
793
490
829
298
390
431
311
458
539
687
353
510
561
564
823
184
573
266
438
696
683
354
369
779
412
117
152
831
603
673
712
292
455
409
207
695
302
564
162
582
217
870
392
367
749
334
247
105
667
624
797
206
443
744
834
446
115
464
601
445
875
396
255
605
464
225
177
137
876
176
838
253
882
559
680
196
684
687
240
812
429
369
246
458
754
742
157
311
765
346
729
132
867
853
689
550
312
860
215
144
468
814
627
144
669
522
862
116
676
161
723
456
224
410
336
172
599
617
316
224
319
342
305
705
689
269
763
630
224
661
558
386
370
718
210
801
449
397
625
410
848
675
192
666
321
685
840
279
439
823
855
506
582
435
580
526
529
555
785
647
515
369
540
453
848
496
210
667
188
442
417
466
521
818
140
861
300
705
470
759
337
773
132
579
249
618
466
829
761
449
693
884
173
268
441
399
835
839
173
152
431
671
232
563
420
564
204
444
434
322
764
621
232
673
891
460
393
236
232
497
772
459
290
833
495
261
538
807
360
352
597
238
291
582
746
150
396
502
720
677
212
779
411
199
728
267
149
506
576
502
469
451
813
180
882
168
309
105
892
282
538
234
242
725
210
103
359
279
878
452
725
737
843
706
206
785
598
756
301
280
349
167
646
232
426
156
464
606
335
773
309
663
238
312
570
392
106
688
716
266
181
268
214
122
619
684
525
758
641
118
776
781
740
237
826
364
719
765
808
353
891
659
675
284
573
519
730
337
135
402
308
514
174
546
665
806
430
481
186
677
646
562
724
493
850
765
340
748
683
166
653
234
303
560
389
600
596
234
240
345
464
358
597
867
822
283
668
884
243
189
754
417
390
509
693
771
175
890
548
532
631
618
280
853
716
142
443
777
187
508
247
869
652
247
318
159
802
203
143
355
325
731
133
211
133
329
163
684
180
295
871
886
241
460
841
489
428
595
282
805
541
700
359
493
377
492
559
671
572
541
725
214
541
128
246
706
279
199
328
167
785
627
652
877
508
698
314
715
332
487
187
835
396
617
243
628
144
893
410
851
772
760
490
710
128
813
694
630
750
158
731
180
402
173
203
109
412
791
481
819
258
278
610
596
548
853
105
411
462
748
371
334
895
106
323
228
398
667
685
456
838
568
672
566
366
659
346
430
569
862
317
753
423
650
880
740
214
403
548
245
381
562
442
613
500
501
356
503
596
579
472
289
899
438
773
619
733
262
724
557
596
783
865
554
434
387
341
823
136
141
742
541
543
200
494
132
187
387
566
137
126
574
846
274
830
419
279
213
108
130
474
383
837
500
556
690
835
729
491
177
230
891
716
159
612
456
346
690
131
708
838
603
350
874
630
759
296
768
801
249
318
167
158
735
160
565
698
242
660
652
200
591
451
899
552
853
690
263
241
205
722
738
553
405
138
185
296
602
720
508
776
275
589
191
256
807
527
439
507
252
110
344
844
228
150
489
204
469
669
796
808
190
365
862
436
847
399
261
859
148
466
297
307
407
635
580
754
521
448
250
327
818
555
113
641
562
238
404
275
601
100
665
243
281
239
709
186
630
744
105
734
252
488
793
778
117
110
367
539
100
888
461
459
306
610
472
660
140
183
410
829
295
749
566
711
484
510
206
437
301
811
321
735
721
493
817
779
894
560
437
304
713
567
503
653
144
780
633
262
364
708
447
434
631
602
404
314
595
395
803
807
758
351
780
400
541
334
345
217
773
352
206
651
886
129
452
838
158
218
107
200
868
150
733
693
841
415
505
408
468
217
771
597
253
371
237
738
497
143
755
447
794
758
180
302
644
803
558
418
142
297
162
670
540
628
664
630
149
102
794
804
643
690
545
480
530
397
811
544
784
274
348
629
512
103
445
871
235
798
632
900
681
279
291
382
824
834
578
428
610
685
444
771
118
294
131
178
650
697
277
687
122
624
676
235
581
832
147
794
513
162
433
330
360
868
621
459
174
234
749
598
179
764
626
896
345
668
544
638
350
665
158
814
427
779
346
557
213
889
338
157
540
176
222
103
806
293
265
505
184
676
628
580
355
770
365
219
599
189
355
345
343
701
735
207
801
374
261
471
332
276
524
537
130
745
240
448
825
439
527
705
587
822
167
881
242
125
626
555
719
635
268
331
192
141
211
126
821
202
495
559
300
300
515
168
773
521
662
649
350
395
490
699
318
381
237
706
100
880
874
753
274
608
287
634
853
594
719
582
558
155
150
891
171
364
573
611
125
779
471
520
345
557
637
349
734
829
405
806
681
845
669
854
132
151
631
302
817
883
898
510
448
874
284
138
634
558
332
770
820
592
452
216
534
276
189
296
380
618
806
546
715
183
644
894
167
683
590
832
773
784
355
615
569
244
745
730
650
269
792
135
148
521
109
145
145
682
431
572
676
694
250
780
327
105
242
471
721
829
707
561
598
499
427
706
170
484
660
235
684
335
858
264
537
561
685
884
400
807
892
519
742
897
891
775
532
219
490
346
691
555
779
121
316
618
402
421
515
712
640
511
381
416
235
452
535
583
702
321
531
721
257
159
107
896
752
588
106
577
345
661
784
800
666
856
423
551
255
721
499
852
369
436
507
736
148
422
315
194
830
682
138
251
330
412
753
778
284
489
181
816
106
634
457
631
283
332
161
505
882
296
598
159
878
485
879
754
234
691
777
196
140
167
152
434
436
339
830
855
442
246
427
837
830
442
654
437
709
331
618
659
119
898
370
870
775
197
810
680
832
812
141
709
810
233
269
654
793
561
833
747
569
684
865
605
181
792
694
323
881
753
835
457
569
528
187
900
713
106
217
322
328
156
359
638
184
346
151
754
215
624
849
384
326
808
324
652
753
242
780
794
454
474
236
432
563
561
596
802
561
304
146
249
749
867
584
141
884
220
488
746
538
821
214
565
302
695
419
244
195
444
753
816
556
183
582
898
793
315
788
405
831
514
451
778
508
400
259
719
569
741
346
105
718
669
614
546
540
772
604
676
206
716
616
126
146
837
726
724
616
484
570
123
281
269
476
722
197
866
441
611
625
419
663
281
823
787
672
658
563
867
696
367
569
808
269
582
543
114
400
543
751
144
709
593
119
789
780
424
573
636
736
521
722
345
303
481
729
164
226
785
539
679
264
700
336
384
241
864
534
366
481
789
383
801
647
799
671
561
277
368
122
268
371
536
373
330
138
646
413
105
383
360
608
111
668
208
647
789
430
441
505
190
301
539
358
729
551
411
271
383
364
103
782
279
414
163
598
346
875
549
549
645
260
692
862
776
884
676
777
535
771
264
436
331
397
660
130
802
879
197
845
507
260
150
840
730
672
688
599
459
130
783
570
127
888
767
462
649
444
163
775
706
769
110
804
640
126
297
553
817
370
469
530
656
329
426
853
589
302
634
135
829
859
467
787
394
753
650
870
715
621
279
297
477
387
691
637
525
337
441
295
638
825
588
207
846
551
268
704
276
265
131
724
135
294
427
457
658
317
393
394
142
435
621
721
695
302
478
658
874
750
772
147
814
654
383
309
199
758
581
717
459
472
168
252
698
478
114
584
537
839
603
265
651
158
294
638
696
575
693
159
750
165
760
154
838
677
715
110
158
488
536
480
488
836
198
433
523
541
831
280
882
265
231
758
488
291
563
609
274
809
199
486
235
375
708
769
290
100
480
199
161
260
624
745
853
376
118
556
646
468
470
424
432
264
815
184
807
449
816
807
729
449
836
197
222
308
473
644
719
559
895
802
161
225
275
656
801
562
762
514
152
600
500
593
860
774
312
344
386
664
236
345
854
155
224
492
439
520
587
502
543
777
863
250
617
204
151
155
521
570
790
210
140
848
307
762
499
750
219
755
847
655
223
420
697
341
733
269
646
800
782
549
209
555
249
307
108
105
622
703
468
427
729
242
640
557
252
884
508
510
879
557
328
628
147
452
196
758
321
217
323
849
300
851
206
800
456
797
503
290
809
182
337
235
666
682
724
746
748
721
571
838
526
437
566
398
751
591
670
298
434
837
564
246
600
738
545
524
474
384
518
508
252
173
421
434
180
191
230
313
895
756
516
192
433
171
689
341
701
143
860
477
713
839
198
846
696
777
505
399
869
436
658
508
771
645
156
133
113
298
133
170
129
567
492
609
843
661
293
401
438
604
822
102
430
537
252
199
475
844
295
833
394
424
753
404
667
154
518
234
476
461
615
321
737
785
316
539
188
196
568
208
413
645
401
497
657
714
486
785
467
139
226
539
776
805
729
494
671
665
591
647
696
562
352
831
889
801
410
551
826
898
497
541
828
508
113
448
593
353
405
425
109
658
626
415
630
514
279
754
490
844
824
364
409
689
618
548
844
553
256
425
753
726
404
667
157
826
425
479
150
709
798
488
655
666
505
802
463
794
470
140
167
801
367
558
158
868
361
372
179
174
533
575
238
117
320
533
886
208
137
560
645
115
449
582
215
858
532
716
565
574
324
892
347
602
468
745
554
379
132
343
449
639
735
686
411
840
451
613
176
110
624
455
891
318
161
568
222
695
447
508
507
833
891
515
488
434
141
809
213
309
354
305
205
658
561
418
451
774
662
362
174
885
857
300
285
743
123
216
283
833
193
445
639
823
862
358
269
151
731
317
340
128
483
122
535
534
378
811
293
221
122
564
884
497
601
103
832
723
886
271
873
751
133
282
257
670
573
458
202
609
470
764
219
628
867
607
445
303
670
108
158
359
531
368
791
468
387
889
492
353
150
771
777
470
524
183
790
261
847
118
525
448
782
389
407
118
505
611
760
736
699
644
774
853
711
658
329
736
714
404
634
740
378
572
175
589
437
476
223
478
806
884
532
827
136
671
318
133
452
122
636
473
884
399
584
835
785
234
149
170
352
465
384
426
435
789
202
867
501
520
614
466
135
679
135
855
589
787
122
816
678
315
698
140
517
285
751
865
376
483
680
393
399
881
576
423
429
503
895
555
148
813
345
112
140
680
494
209
534
315
343
806
731
484
499
289
897
753
434
189
488
245
568
623
882
281
692
358
896
656
853
407
842
402
233
345
735
846
796
336
250
689
647
823
517
442
419
365
650
245
166
464
221
768
630
785
129
504
470
399
687
409
302
158
525
531
342
158
349
103
742
637
293
866
794
341
805
750
817
754
371
728
804
633
361
685
354
171
519
269
300
118
439
625
495
485
277
463
190
809
410
568
790
819
246
701
552
583
563
270
195
605
543
200
448
619
346
637
232
122
713
330
449
767
384
302
105
186
372
680
616
617
678
574
340
135
805
897
806
563
793
639
691
667
823
745
487
882
537
311
338
604
426
611
227
586
472
851
510
860
856
103
407
746
208
173
370
728
717
732
625
889
690
424
632
860
900
448
638
331
215
222
586
834
423
278
471
156
623
674
882
459
125
857
397
485
186
285
762
690
394
710
198
747
832
426
595
617
676
858
755
757
404
202
197
187
158
452
233
110
604
425
152
715
814
614
763
426
748
767
618
210
504
311
178
605
654
764
258
810
284
140
119
744
403
414
661
663
104
468
660
289
350
172
638
521
855
400
752
729
265
147
172
441
650
230
898
324
594
177
738
458
314
860
437
216
454
624
403
788
451
468
781
571
587
729
810
667
175
117
287
168
349
781
441
754
636
463
381
679
205
895
106
159
346
720
424
377
858
771
232
843
248
493
100
366
686
499
889
271
453
842
486
764
303
886
493
137
697
722
327
160
325
285
680
360
340
271
610
209
187
561
513
390
776
349
350
451
139
239
817
518
764
891
775
812
347
213
763
567
319
467
182
133
305
215
180
707
782
586
800
759
641
465
416
784
463
137
622
598
213
379
837
238
314
173
210
769
454
699
750
758
434
118
117
221
690
595
129
442
886
891
353
663
264
639
799
111
753
568
475
612
554
220
815
698
390
840
546
352
775
394
798
623
858
506
516
394
285
470
462
234
890
514
755
610
211
797
200
708
514
173
411
727
823
719
631
740
572
607
563
216
390
806
791
414
166
352
688
856
282
522
716
163
813
705
812
789
694
836
343
205
642
274
655
479
833
770
518
786
415
107
235
468
204
408
140
695
217
474
468
717
401
223
207
264
817
814
414
600
677
182
205
632
604
133
394
209
274
594
383
595
204
119
762
761
763
712
643
558
842
139
320
876
800
330
656
874
259
447
232
561
802
612
736
703
259
746
554
224
329
269
620
724
604
528
697
619
104
495
230
189
508
370
396
566
142
569
876
471
374
205
395
425
377
796
544
480
479
516
687
111
303
493
813
456
455
492
359
871
789
425
692
691
147
708
758
236
441
305
337
899
427
767
169
473
748
427
119
430
893
430
795
623
538
862
640
849
668
790
808
553
880
590
420
334
773
711
395
778
556
820
554
425
380
718
154
451
263
243
821
653
331
327
283
516
698
892
865
887
271
464
477
663
240
674
485
657
670
705
711
190
578
133
617
188
851
243
803
205
827
816
400
891
836
257
261
577
436
608
443
309
284
813
764
321
899
137
350
240
260
243
134
730
617
601
739
507
458
311
708
297
570
132
233
237
678
169
437
475
471
764
332
492
369
499
723
605
200
743
542
252
307
361
235
291
247
388
830
315
520
587
563
808
637
197
826
359
804
294
763
448
556
117
242
231
830
186
873
561
739
897
764
292
683
321
281
843
377
801
399
599
569
597
767
560
254
547
816
435
585
514
106
809
528
477
416
442
705
172
845
280
354
505
588
542
604
260
774
802
434
319
722
497
336
734
422
819
630
219
208
577
198
457
285
221
144
263
192
690
294
178
354
665
754
891
710
361
149
298
831
863
187
748
604
601
548
609
507
523
513
194
508
696
398
415
890
479
366
646
148
451
767
177
785
405
893
370
300
293
867
492
775
330
796
376
291
306
551
773
846
683
365
585
898
385
778
555
244
811
113
104
498
423
176
752
267
426
447
280
355
165
696
776
332
217
174
833
200
228
479
651
878
547
214
816
898
319
492
571
602
742
433
861
576
470
840
325
451
292
519
685
323
215
245
131
832
638
553
233
146
543
248
381
425
156
477
544
140
562
102
390
622
312
169
625
560
456
741
788
578
484
444
465
420
254
155
874
342
585
737
214
750
562
284
525
595
610
603
557
639
715
612
640
582
769
334
325
822
439
214
420
311
504
509
122
551
340
761
240
697
835
746
347
291
543
417
887
714
642
124
227
521
575
400
609
402
638
548
187
617
641
632
570
803
496
516
429
500
868
344
470
252
193
880
700
283
115
743
278
424
383
452
867
701
346
343
251
330
183
290
514
383
115
425
823
436
229
496
134
823
262
127
174
240
600
602
460
625
555
264
266
684
712
514
781
439
868
293
187
296
265
799
641
213
349
185
715
169
893
761
694
419
866
828
128
655
488
408
389
268
570
563
352
140
112
566
323
538
724
792
689
216
613
347
426
897
247
578
542
600
424
816
417
523
141
205
129
453
784
823
120
728
843
538
331
327
377
477
718
421
866
680
203
176
653
852
876
585
738
628
800
478
387
436
574
132
792
593
208
113
473
443
231
527
671
569
500
233
637
815
689
721
693
348
699
700
351
365
861
479
364
680
303
462
813
332
819
367
833
431
461
248
272
555
473
616
400
203
842
337
554
627
199
202
298
678
490
775
509
107
857
375
544
581
552
359
645
824
847
423
567
193
245
566
468
427
684
109
171
658
793
287
650
372
424
748
870
886
433
873
198
480
678
308
599
213
268
387
825
562
168
717
716
146
698
233
811
558
861
428
717
173
796
599
594
378
206
619
877
685
331
302
632
345
666
627
400
605
482
643
313
738
538
384
649
772
758
554
563
871
867
362
876
417
469
621
239
855
403
523
623
127
712
829
312
592
706
228
434
346
196
250
129
672
855
561
656
317
808
441
390
262
419
282
697
484
136
344
159
676
818
876
529
796
228
143
508
767
883
307
556
130
688
221
379
824
242
632
205
668
885
760
612
112
170
715
176
683
655
490
570
766
806
811
138
233
852
430
625
438
777
162
585
175
570
365
250
719
101
557
250
621
471
758
516
109
558
775
575
263
204
716
792
270
700
349
251
402
468
410
390
680
377
769
831
624
555
182
773
730
494
566
676
780
704
784
187
840
249
633
273
205
251
490
796
498
406
892
863
796
780
170
613
208
253
123
411
267
503
357
276
420
801
627
348
692
502
542
170
577
191
821
137
224
551
538
571
483
790
730
697
197
788
466
326
749
150
317
524
398
296
741
648
662
896
125
750
150
644
156
264
508
581
762
683
457
427
155
676
149
555
688
801
218
407
143
765
569
414
321
805
500
384
319
698
584
767
245
455
784
235
900
624
247
696
606
150
490
398
640
781
130
164
727
464
510
596
451
488
632
607
365
819
306
222
149
146
404
825
195
295
643
240
536
469
676
215
571
338
235
685
846
124
820
126
403
197
143
303
811
251
224
149
253
726
593
334
338
691
580
363
425
539
282
202
737
673
197
151
330
795
867
594
855
787
643
363
172
550
848
554
383
333
444
752
650
411
597
429
756
751
423
387
502
742
416
353
199
865
258
357
684
801
861
741
436
190
130
567
265
142
570
268
395
354
596
390
840
377
400
478
686
131
258
865
712
338
592
253
333
130
757
166
434
623
409
148
245
255
142
428
796
417
715
121
315
365
888
233
569
239
398
514
714
404
755
800
501
238
676
691
716
286
388
755
523
434
312
632
836
517
255
486
874
568
654
898
440
333
643
103
209
367
838
838
849
897
818
516
759
725
853
443
812
495
599
721
751
479
768
374
835
500
728
391
821
847
813
715
484
792
735
549
652
674
439
473
330
183
693
892
187
339
254
816
642
384
342
794
173
589
714
151
819
671
693
610
108
362
238
416
285
842
506
219
592
605
153
314
164
587
111
136
500
158
279
108
503
458
433
294
617
485
813
618
283
120
242
450
447
463
188
