553
848
571
301
117
510
823
687
706
443
328
688
490
389
675
280
692
819
872
855
356
144
497
487
503
772
674
569
264
334
307
833
597
128
369
900
112
579
504
172
496
101
320
646
360
399
222
757
591
573
319
410
722
318
590
355
100
649
392
423
839
168
792
654
752
588
651
676
612
710
226
441
518
793
722
825
356
880
762
119
216
562
869
201
540
373
102
319
398
196
214
755
130
349
741
359
786
522
484
619
386
184
555
315
217
638
276
555
461
592
449
455
594
717
432
706
180
544
874
688
588
198
545
148
299
730
267
218
489
209
611
467
187
236
249
264
348
507
568
607
317
170
493
307
642
864
162
317
412
517
796
296
643
290
599
536
158
757
341
417
569
420
520
562
299
467
273
745
278
294
156
878
326
831
821
808
454
263
259
324
370
772
252
118
464
298
133
267
223
343
631
177
735
865
509
394
338
539
311
700
813
763
168
471
678
330
514
774
807
622
837
236
323
406
392
551
272
584
592
520
139
259
862
829
860
639
380
438
372
751
878
497
448
809
317
206
465
554
796
149
884
674
602
770
512
113
765
708
444
844
392
456
266
589
217
764
216
868
381
543
380
460
495
878
239
187
633
320
673
721
585
594
308
163
196
507
268
755
122
106
385
745
452
786
628
815
199
136
493
188
646
107
301
147
347
238
715
339
311
770
649
403
285
208
659
504
204
757
832
427
206
176
611
632
476
472
626
897
281
802
460
230
837
666
525
890
198
619
752
201
657
198
751
312
126
728
481
842
273
823
359
308
463
592
725
475
845
753
721
475
532
838
135
524
820
224
662
174
652
472
773
468
655
716
210
840
626
746
350
736
247
345
334
553
820
244
588
259
752
440
115
786
108
434
727
507
300
732
642
859
386
794
347
549
431
208
172
691
664
691
660
556
118
506
464
655
413
756
205
234
560
451
307
516
155
430
773
795
127
315
874
163
255
260
704
853
401
368
759
479
281
863
751
579
742
311
308
838
398
869
690
749
546
314
411
553
438
545
150
302
381
270
721
297
848
649
673
810
503
116
494
617
484
893
371
796
776
847
789
325
216
139
661
896
307
761
331
639
140
203
530
209
897
612
864
674
209
806
773
599
400
105
636
472
169
101
555
459
536
318
583
185
827
542
898
618
687
579
829
189
488
752
513
649
719
353
762
888
414
590
709
338
384
556
158
655
373
728
872
866
868
593
221
227
609
613
242
278
315
681
264
678
227
836
570
601
790
384
615
149
873
836
193
203
805
551
399
892
838
203
283
796
771
730
293
431
188
776
833
115
468
624
362
185
862
264
277
526
358
542
688
468
770
167
377
173
671
358
604
481
297
587
227
170
899
804
621
723
204
564
461
835
496
288
323
782
179
662
375
897
639
165
715
282
839
296
318
404
762
266
798
468
874
160
426
305
374
613
436
277
327
445
116
227
358
276
100
460
343
751
764
753
825
486
271
378
257
486
747
347
771
135
590
190
111
508
732
709
136
189
735
110
362
828
608
423
666
775
856
758
730
534
713
480
837
132
787
859
587
527
180
256
244
662
871
188
657
310
615
672
143
699
457
269
742
661
726
210
520
157
757
497
344
744
260
426
200
729
641
550
550
599
676
325
333
190
256
659
491
167
170
611
742
553
385
569
328
388
352
660
357
111
816
374
161
276
104
387
261
536
291
643
580
790
762
333
814
159
327
389
485
102
490
150
672
523
750
714
674
845
711
122
781
203
368
136
621
739
267
337
252
777
148
408
632
602
107
279
323
222
394
345
519
335
561
121
423
701
852
545
508
657
888
481
731
213
777
752
437
175
874
192
535
106
590
200
219
227
514
502
513
791
862
808
831
154
135
434
660
244
573
818
883
366
672
694
169
453
166
732
562
585
330
559
738
835
356
380
816
505
560
243
387
410
667
336
776
637
395
327
715
239
586
458
500
440
704
530
521
833
403
830
228
806
352
429
888
442
239
334
807
798
431
820
344
668
160
476
638
199
501
727
306
515
744
826
442
212
808
107
582
560
874
162
526
209
775
450
759
836
619
774
801
261
307
887
549
878
411
164
164
329
893
462
568
437
794
202
899
803
739
550
724
820
548
768
621
438
304
441
838
495
493
277
139
511
683
178
815
441
695
416
325
371
609
609
438
104
869
432
706
489
382
753
403
757
663
743
378
502
517
464
746
323
851
570
363
165
745
204
416
192
351
341
776
331
446
864
404
757
500
374
248
222
277
767
736
871
633
487
689
342
796
348
443
840
105
586
444
665
756
112
772
423
887
722
403
509
789
603
638
534
250
531
516
633
464
640
794
179
768
154
821
271
838
842
240
643
296
820
494
894
146
127
387
410
591
139
475
525
276
282
751
146
148
733
657
794
663
260
815
163
554
779
702
332
537
568
205
181
339
120
552
685
305
291
385
279
434
508
175
373
621
322
863
244
581
788
885
120
338
291
638
437
861
230
716
111
561
441
784
273
251
451
526
165
583
751
288
471
708
381
105
192
498
537
351
260
157
891
527
322
293
843
724
472
858
581
483
215
369
432
300
191
277
416
229
825
798
476
814
751
595
864
217
851
890
433
324
719
459
259
360
612
875
880
883
425
456
200
523
793
184
158
309
365
748
545
592
120
701
200
481
225
177
876
592
587
769
563
283
402
594
770
612
757
584
723
897
341
533
236
569
701
470
126
379
335
747
617
806
538
183
328
312
799
755
362
701
785
678
517
285
543
828
101
329
609
116
472
819
282
570
517
582
821
298
227
647
685
244
652
705
517
676
726
402
384
831
325
148
342
344
227
513
357
345
189
377
116
779
752
152
775
762
513
173
446
826
586
232
848
616
582
828
521
241
621
405
505
797
119
114
150
674
708
630
735
851
806
537
846
316
601
818
524
620
581
187
664
669
284
435
756
552
841
481
129
819
311
587
279
477
647
884
369
316
190
863
867
832
366
313
593
149
451
463
188
280
451
524
182
373
599
589
656
318
248
291
784
152
616
762
411
236
511
454
142
344
847
196
398
735
845
651
774
846
816
289
549
158
356
794
888
333
368
600
461
653
587
318
666
586
643
144
168
160
508
313
480
178
228
419
408
627
852
125
625
411
112
773
844
304
378
745
698
448
421
567
340
790
375
459
793
699
893
361
689
762
616
824
611
353
166
464
661
691
789
374
883
417
363
692
693
466
649
827
376
274
626
867
641
521
399
113
792
654
766
752
141
381
108
182
144
834
620
238
736
714
630
102
540
201
425
170
391
589
170
368
803
498
325
622
709
724
889
271
497
380
247
776
280
551
608
799
209
760
211
654
564
602
359
618
559
440
492
448
680
446
200
434
318
407
551
275
176
128
657
195
267
805
271
642
144
215
494
719
362
216
323
396
875
480
667
185
559
184
380
819
714
708
360
519
239
565
710
475
671
685
487
657
862
630
238
496
531
248
196
340
289
844
114
427
507
663
637
504
856
255
812
624
175
744
494
115
865
482
592
211
827
319
427
677
555
382
520
531
669
215
376
338
309
770
691
385
625
573
592
458
872
895
489
337
338
183
420
512
181
627
517
225
502
240
853
679
268
452
415
388
378
299
834
490
616
134
591
389
345
564
165
515
778
216
323
414
253
511
680
639
396
788
386
219
679
697
679
256
739
443
605
514
445
676
845
305
178
278
271
818
444
217
648
865
814
151
142
671
413
663
255
614
135
110
838
534
727
571
894
123
785
508
750
745
182
575
511
400
533
263
352
392
400
201
314
593
835
132
575
520
846
695
855
478
194
303
284
786
838
142
473
376
295
385
464
613
203
752
339
676
836
776
328
630
371
234
670
794
667
185
194
150
872
538
119
736
791
429
605
318
580
639
692
434
531
162
332
740
552
524
120
556
367
637
701
302
311
684
216
683
468
610
660
562
394
857
832
566
527
695
643
729
774
678
393
564
755
476
673
448
178
822
584
771
743
765
150
124
338
178
766
274
484
555
529
749
200
622
615
343
769
808
783
168
325
277
494
250
305
591
545
277
522
538
708
402
128
752
332
277
873
352
429
305
871
182
552
507
598
410
330
505
455
740
415
201
733
838
166
435
387
548
465
650
537
794
890
410
643
151
106
806
528
288
213
561
658
629
215
169
201
731
351
235
452
174
177
694
637
241
898
414
192
645
489
424
563
575
827
759
803
384
757
578
733
444
207
619
376
766
853
420
889
762
813
857
843
682
768
131
728
651
180
537
715
474
840
442
686
850
403
128
614
626
448
183
594
379
308
195
496
120
675
472
199
514
222
440
405
802
674
521
502
742
679
532
840
678
517
298
205
598
796
363
154
680
527
884
516
541
228
663
208
176
135
306
246
662
250
501
290
418
373
635
375
859
842
369
133
404
348
412
673
271
602
775
891
316
628
182
309
308
854
341
479
744
829
668
722
827
313
471
861
595
643
379
101
870
643
686
799
769
679
409
238
474
134
554
724
585
815
859
241
170
305
602
659
516
138
196
385
806
589
279
498
340
561
381
412
762
147
508
609
702
670
824
697
647
808
890
346
700
591
507
262
255
270
132
741
316
621
248
458
457
900
293
739
807
752
493
398
554
211
182
630
279
380
260
764
707
311
266
490
702
669
519
894
570
786
455
314
682
363
630
475
183
396
800
268
760
209
228
178
378
230
147
486
438
496
724
708
440
891
499
614
346
801
796
306
726
858
667
717
326
188
207
307
642
814
894
525
338
713
759
334
782
225
145
529
869
873
309
240
646
367
325
876
412
534
840
537
618
708
627
597
534
485
798
675
138
734
689
834
861
736
772
880
297
408
580
304
802
723
136
347
763
360
426
431
810
795
865
896
567
722
890
444
762
338
826
131
707
451
714
778
625
490
270
192
105
169
567
259
783
162
570
638
759
445
118
728
402
301
581
503
516
593
524
409
435
153
124
549
632
885
225
723
622
408
787
801
280
403
278
354
229
416
263
615
180
219
225
464
628
730
181
823
544
832
162
706
871
217
786
512
713
884
736
119
770
193
866
497
362
103
793
553
794
814
213
580
332
884
291
458
708
183
467
331
196
874
701
797
578
406
150
320
132
589
444
288
504
880
811
435
478
292
588
591
605
781
799
178
391
418
771
641
352
869
189
179
112
202
487
257
243
259
220
367
259
700
576
287
510
848
482
347
530
523
698
559
149
599
161
610
156
361
154
266
841
539
473
246
717
788
336
890
876
336
288
385
340
900
492
632
115
588
190
793
114
416
262
643
548
382
552
569
873
449
231
862
293
162
519
648
205
432
529
888
212
469
655
814
126
799
295
700
335
647
121
540
671
538
143
106
722
489
538
608
552
196
302
578
894
400
542
460
131
395
555
766
558
806
204
834
861
395
154
524
544
548
411
196
812
272
169
559
897
184
795
879
410
730
599
450
263
515
318
462
474
454
523
298
515
245
659
500
125
361
842
309
655
383
396
129
355
630
605
435
363
281
569
895
550
154
416
446
253
456
867
393
149
876
609
581
122
718
678
372
185
147
840
832
607
451
489
833
599
878
365
843
472
563
411
381
617
179
226
408
629
428
682
133
323
359
287
248
386
256
747
461
869
342
670
337
188
690
195
846
256
430
161
128
321
814
659
132
108
386
819
546
261
583
456
216
828
234
199
113
509
307
747
601
821
590
513
841
416
373
432
294
561
409
607
434
650
529
261
748
310
417
178
129
510
568
162
787
698
470
611
621
310
543
680
256
591
608
592
481
608
297
508
895
895
631
575
195
418
205
548
414
364
425
802
693
182
697
306
816
400
570
459
653
139
208
109
396
372
837
258
744
559
857
242
358
535
585
514
592
288
513
651
231
365
581
886
576
897
162
510
146
504
853
512
492
828
249
424
767
480
234
451
632
361
459
718
650
129
868
271
790
412
182
239
880
571
442
582
827
426
812
244
499
714
596
898
790
656
460
617
723
202
796
502
745
308
117
261
496
893
232
764
736
665
860
805
773
858
716
830
723
334
511
592
336
616
774
292
190
633
498
346
517
297
528
614
110
246
339
810
228
716
617
419
784
698
468
432
123
335
759
368
629
135
772
195
275
158
185
797
525
887
570
732
133
480
513
563
744
308
321
225
560
768
736
137
428
619
136
105
515
649
505
253
759
122
501
721
125
855
493
527
195
826
484
666
371
431
640
468
629
489
304
853
649
685
164
388
408
144
227
293
602
351
586
394
439
451
887
463
761
624
508
469
580
563
239
103
296
245
327
509
752
691
292
476
497
495
635
609
617
448
719
664
305
722
324
710
615
338
614
797
462
519
579
555
261
812
313
191
144
629
265
411
297
342
694
439
866
457
158
494
605
473
664
477
314
229
462
846
184
404
509
708
852
843
164
523
212
556
605
814
155
478
552
394
827
860
550
649
648
290
639
593
383
420
126
872
607
470
459
382
676
481
644
349
135
639
574
603
113
292
504
825
140
156
872
616
454
698
152
704
838
397
805
543
549
715
219
494
485
226
645
280
549
266
228
637
516
232
428
731
620
694
159
815
819
648
622
789
276
665
108
183
192
571
435
173
863
271
782
586
562
391
592
411
134
547
252
215
313
601
170
399
443
196
170
407
486
318
272
341
790
167
461
601
836
673
297
318
893
345
735
424
619
896
124
387
234
233
705
422
774
165
624
436
716
204
417
840
649
780
583
802
159
717
774
205
755
301
255
582
622
884
140
143
771
361
672
882
650
443
331
557
682
376
145
750
642
815
109
726
684
627
717
197
896
591
795
870
887
712
849
309
347
563
711
899
821
562
356
628
181
461
777
474
286
856
223
459
312
299
714
445
256
733
868
501
171
756
858
349
594
469
249
884
532
197
659
302
357
813
165
284
162
374
439
376
298
786
770
736
347
524
640
474
785
306
333
652
769
712
779
378
307
677
562
357
735
348
120
661
793
328
583
277
574
819
450
171
662
667
654
711
823
310
743
296
524
695
663
689
611
819
421
444
698
375
121
454
819
542
833
479
269
836
394
252
262
125
538
315
423
892
555
120
366
849
574
421
421
767
105
750
543
460
849
254
355
357
604
461
471
536
450
190
661
542
815
203
266
143
845
607
780
289
628
454
793
335
777
137
183
648
342
116
773
758
794
751
212
341
396
115
207
332
684
900
883
421
883
470
788
190
781
188
765
768
158
565
662
627
380
315
758
665
377
209
141
652
780
600
134
862
823
570
720
516
723
208
353
856
706
440
363
680
411
329
536
279
595
561
543
817
771
662
346
430
648
299
342
389
575
177
292
581
154
756
601
389
896
413
401
464
706
836
616
120
304
855
389
117
476
732
142
121
509
876
694
313
836
406
417
505
629
582
148
677
603
521
239
576
181
649
210
666
869
528
721
364
851
247
764
411
552
405
728
222
401
272
551
491
706
145
894
449
196
666
788
573
640
169
466
389
558
165
662
181
401
621
395
681
663
871
545
229
684
703
441
300
226
618
359
253
336
756
629
208
797
314
620
728
310
724
776
745
877
157
400
655
550
129
739
668
304
477
844
790
579
759
579
342
480
585
510
601
287
784
349
416
899
192
232
474
295
602
683
188
187
238
382
597
188
476
679
304
274
387
614
780
399
437
334
848
468
885
344
751
513
369
604
286
860
769
880
379
876
184
114
504
768
353
435
280
128
231
144
166
562
337
148
358
450
330
399
836
627
683
294
768
397
144
260
708
499
425
156
167
219
151
349
339
521
891
765
230
327
748
135
438
713
342
260
827
333
521
585
114
395
521
461
556
202
652
110
456
289
819
863
577
233
532
268
464
536
237
622
250
478
109
672
553
550
318
787
872
838
356
245
895
710
481
628
153
182
469
544
867
209
770
160
856
268
306
433
361
697
900
823
205
527
250
130
827
666
320
185
648
753
164
105
344
327
569
359
798
652
395
690
428
613
599
217
731
173
345
462
269
531
789
139
511
521
437
879
282
701
464
215
863
752
412
865
726
541
103
498
821
591
246
830
167
272
633
325
246
313
212
743
308
637
351
604
104
143
725
157
699
604
872
380
825
762
693
664
150
197
122
577
359
603
327
153
553
183
735
559
368
768
750
898
573
107
853
892
204
532
650
184
371
308
628
793
706
797
257
396
227
547
758
831
809
300
848
879
580
658
712
236
386
576
799
667
158
578
885
504
681
317
120
834
602
144
118
440
630
106
495
371
855
402
587
434
689
100
565
577
724
326
391
241
342
762
640
400
229
809
690
561
761
724
615
254
413
759
637
887
594
459
204
411
189
108
540
877
769
126
265
887
513
731
856
226
386
695
808
367
565
184
361
413
756
378
450
343
837
361
146
473
759
563
787
134
863
398
670
811
154
186
150
781
230
885
520
384
793
774
546
580
781
253
695
662
779
678
696
888
737
871
668
591
555
567
355
880
375
752
322
589
900
566
436
654
143
859
119
718
876
399
676
535
287
147
366
499
202
343
777
302
626
291
578
465
381
453
307
391
637
522
497
635
875
443
135
337
793
415
649
588
475
676
627
336
484
337
411
266
347
520
743
874
483
397
819
321
497
695
653
364
143
112
531
843
724
734
837
563
663
176
695
184
169
857
128
260
674
568
360
840
635
558
484
878
607
306
632
589
833
180
146
496
433
870
637
502
295
678
302
637
485
577
761
664
793
424
157
278
196
636
771
623
461
442
456
614
100
890
578
588
684
556
671
738
319
835
738
121
368
641
494
180
696
751
432
125
130
694
233
414
847
437
765
372
450
355
762
600
753
631
387
365
632
556
257
401
887
697
279
172
879
848
709
258
400
488
111
212
491
369
197
133
800
152
288
793
648
783
865
571
546
685
342
683
327
105
458
200
174
234
429
231
288
341
466
656
436
499
153
856
317
424
172
258
402
553
642
259
311
502
657
867
329
641
251
363
488
845
296
888
162
169
632
572
811
700
873
423
139
561
212
181
790
359
140
577
139
839
305
656
147
510
109
579
824
665
243
806
766
444
731
147
493
794
698
795
744
839
254
500
615
848
783
850
642
776
274
104
448
882
371
231
247
873
735
593
365
487
250
552
746
322
431
549
853
641
475
735
492
389
231
722
240
692
197
186
455
649
750
600
652
463
510
555
707
175
836
405
171
288
570
683
900
134
696
487
526
547
900
824
298
302
833
500
627
868
341
552
359
507
554
788
618
317
191
644
398
646
226
481
602
366
411
655
495
462
817
679
382
194
851
672
115
533
719
782
664
117
867
161
368
873
497
543
251
513
439
518
130
220
229
276
888
195
445
548
455
503
856
192
839
241
743
469
871
179
814
881
708
508
463
623
122
143
196
644
683
450
347
899
824
509
731
175
128
759
786
240
364
111
199
808
883
696
472
543
492
143
616
110
761
489
507
526
478
618
450
751
425
371
254
260
820
447
873
293
900
245
825
751
694
795
414
871
660
417
322
193
403
357
404
183
241
252
315
256
297
254
813
256
876
846
714
849
366
463
160
295
188
478
673
163
135
621
479
464
537
220
825
645
495
352
401
109
734
228
331
379
661
769
846
811
713
835
546
866
299
707
832
533
348
375
267
889
791
736
198
443
845
490
877
770
271
718
127
602
364
266
291
494
841
121
212
569
610
114
711
421
648
267
897
835
734
155
869
209
637
524
268
657
333
795
144
681
209
896
736
589
426
391
527
123
306
236
177
743
513
195
298
525
449
375
635
199
302
234
120
402
484
244
681
513
416
195
516
533
214
698
699
593
824
457
532
764
822
131
372
294
477
427
173
416
851
735
741
860
213
707
757
794
843
586
844
592
534
509
127
432
181
719
694
850
427
125
406
771
192
372
264
216
121
620
644
671
477
353
185
614
269
247
326
675
689
149
845
580
553
436
209
563
771
273
305
323
190
771
481
713
539
326
312
320
481
669
197
863
129
867
364
148
898
824
761
647
227
720
386
652
680
602
283
878
605
410
218
500
729
156
189
383
461
539
417
457
454
808
652
476
488
584
494
391
352
196
167
305
832
340
498
118
697
259
587
661
487
555
835
650
808
576
802
894
621
173
522
579
655
677
483
564
341
679
653
240
651
259
587
186
631
237
634
830
143
470
627
342
597
776
624
742
306
177
641
641
456
257
239
854
260
267
220
420
412
426
882
575
485
408
431
337
648
170
209
729
405
326
680
264
397
689
720
823
801
520
436
438
419
273
805
404
272
341
226
639
559
334
733
484
278
735
446
213
658
867
369
817
338
698
267
115
214
668
518
233
135
367
502
695
553
712
573
748
751
298
574
726
152
381
665
539
565
625
162
599
479
193
832
876
865
815
297
181
113
251
483
251
136
115
303
341
870
787
734
401
662
775
477
644
793
738
833
255
468
761
269
662
477
826
307
280
590
765
280
194
154
503
803
420
106
281
339
698
697
291
716
646
238
218
165
633
567
754
580
144
152
319
310
657
745
481
677
520
889
316
406
433
336
659
107
480
837
114
267
558
654
177
834
775
813
133
875
673
814
731
371
280
765
271
577
438
421
680
845
876
273
255
723
673
896
397
104
297
632
840
825
402
429
894
754
457
696
186
521
341
154
733
332
807
885
479
424
610
749
511
848
175
308
807
169
596
280
796
785
104
300
752
888
213
307
166
355
278
531
348
141
516
662
506
322
227
774
508
727
467
707
751
400
661
815
175
589
335
819
403
835
578
550
384
209
257
722
315
251
306
675
691
895
867
869
810
404
588
600
524
556
565
740
230
762
479
124
157
615
109
272
803
125
326
590
647
741
837
367
757
528
834
106
341
692
595
122
436
535
781
581
337
711
525
241
451
503
650
845
345
244
299
154
152
585
424
568
173
446
170
466
157
468
742
737
641
712
326
532
619
898
412
735
383
735
696
103
776
521
461
306
315
202
308
727
417
817
618
165
895
629
464
393
510
317
319
739
172
577
110
611
597
422
514
297
190
408
741
274
393
544
763
612
139
502
739
142
647
726
813
819
191
551
448
678
120
562
477
561
791
395
834
515
564
232
772
407
394
106
587
413
729
591
151
288
354
674
296
608
798
699
152
495
780
369
759
158
291
857
156
273
415
163
364
693
799
324
748
840
412
155
360
143
767
829
146
170
546
642
323
116
358
125
126
317
480
726
172
179
893
300
754
491
560
336
432
714
670
289
535
462
557
784
661
606
187
310
231
699
648
380
681
748
304
351
194
895
358
394
888
653
611
263
765
417
195
791
530
243
376
847
247
634
226
793
436
268
784
515
414
422
161
127
678
382
892
310
667
849
840
479
404
394
270
196
117
129
899
883
200
495
575
141
864
764
116
644
583
146
228
466
601
527
674
134
584
701
596
102
568
221
874
413
703
739
465
697
584
264
253
283
112
382
484
202
246
411
326
711
843
485
127
529
205
807
218
827
231
420
213
467
463
167
350
857
179
510
475
295
686
792
709
675
359
592
660
875
781
383
595
693
840
502
406
681
129
438
152
553
560
351
529
393
608
750
498
338
725
783
482
829
770
717
291
313
785
468
201
170
422
650
616
893
582
497
618
123
812
211
828
392
176
837
119
254
698
841
457
136
741
871
841
397
558
233
441
155
463
577
536
894
515
342
520
225
712
111
219
866
587
471
767
668
674
152
512
175
640
487
711
862
572
156
538
114
900
478
140
299
406
547
177
719
763
427
532
297
508
602
591
187
467
650
851
876
501
165
587
771
655
838
306
191
858
739
363
288
615
890
669
424
769
608
422
476
845
629
541
254
625
603
742
695
647
783
105
228
685
388
845
576
668
501
316
329
268
686
123
769
770
566
206
273
872
199
859
510
133
511
257
670
888
576
539
452
298
552
362
459
161
712
102
849
618
228
894
821
306
761
470
538
868
556
821
109
269
635
486
700
647
365
173
622
221
601
838
358
313
378
395
725
283
757
784
141
840
747
278
135
168
469
779
314
696
860
740
296
850
827
812
269
327
215
529
742
529
636
167
384
331
110
727
778
634
374
843
839
572
113
493
825
715
609
263
336
669
659
381
423
497
844
491
353
531
878
648
173
343
899
489
688
873
864
283
778
798
566
821
132
744
337
656
420
354
350
310
455
733
300
738
630
101
429
741
734
420
552
640
409
280
115
136
298
623
165
761
168
387
135
834
637
341
380
727
788
211
796
870
350
815
579
385
782
760
357
133
194
122
821
187
117
376
446
101
305
886
661
702
790
898
628
844
845
224
808
719
638
870
228
236
183
421
115
109
790
628
633
249
440
571
580
173
376
581
519
419
848
467
725
547
183
467
505
605
280
315
782
404
161
698
777
629
235
643
391
390
642
326
673
669
654
238
222
166
641
609
441
239
660
141
175
313
779
719
738
853
248
464
619
412
723
518
711
538
559
608
483
554
887
228
330
213
774
139
399
466
276
805
115
332
629
888
625
147
357
882
253
698
279
816
601
760
107
548
435
248
246
190
694
280
794
888
354
387
882
575
223
366
426
310
846
445
136
156
458
178
274
472
231
652
348
407
161
431
472
668
757
254
514
310
491
530
268
492
341
807
413
442
571
421
110
448
875
547
830
759
608
621
698
310
891
344
446
290
626
160
294
133
209
441
358
111
380
625
643
474
185
210
532
878
208
646
377
511
570
241
827
392
100
673
552
190
531
866
387
205
476
726
738
620
632
286
637
680
889
163
770
186
359
178
269
511
616
854
412
244
139
792
900
779
535
115
414
619
620
843
868
157
209
652
515
653
305
661
824
263
714
453
545
265
784
301
134
799
599
117
353
607
280
529
736
676
737
719
687
577
567
368
169
495
379
767
610
178
208
490
356
717
698
808
824
600
244
766
870
227
372
687
822
105
384
375
640
654
674
165
792
280
530
148
167
214
409
533
834
368
377
365
513
553
408
461
416
669
534
289
199
505
535
130
642
735
233
507
410
727
387
898
205
465
596
895
551
298
157
626
340
622
618
699
445
396
869
637
869
397
811
449
184
415
577
589
441
112
237
674
575
169
599
492
548
200
190
354
158
226
583
402
584
608
171
113
665
886
653
513
222
140
388
262
786
788
866
170
667
300
207
701
812
431
659
551
612
348
681
397
485
865
838
770
493
809
700
194
803
874
818
574
593
365
629
573
697
641
642
111
644
487
353
598
290
629
191
650
671
471
241
150
240
439
261
618
803
602
605
313
798
537
271
583
660
239
860
746
376
584
390
707
893
146
286
649
695
750
169
537
302
454
589
374
805
455
697
231
128
633
332
314
394
738
325
520
345
150
864
534
650
134
871
341
541
561
605
472
105
217
483
182
713
746
725
448
172
538
850
110
831
175
511
238
465
804
722
742
463
837
312
774
492
117
109
130
143
312
113
575
806
350
616
499
263
174
780
187
890
497
177
303
330
646
498
176
648
879
678
798
548
840
345
878
205
320
222
468
557
401
532
413
286
751
298
233
261
194
488
264
710
803
830
818
189
224
713
532
390
532
516
782
627
362
696
568
887
504
602
751
419
155
310
319
278
567
115
441
681
539
527
547
804
650
362
892
709
332
668
139
659
721
585
244
657
446
784
844
100
668
871
547
665
577
741
596
849
775
688
700
624
300
640
434
247
320
441
382
681
838
127
350
835
127
369
414
716
349
768
707
518
299
208
240
780
354
397
169
426
875
791
313
425
510
723
224
340
414
414
708
825
277
767
481
775
250
888
523
780
128
865
458
787
477
265
839
325
232
772
641
801
244
613
403
852
338
107
305
737
625
204
190
171
277
147
868
252
260
127
238
614
260
398
165
579
160
814
767
171
580
429
828
885
558
515
490
116
665
612
736
873
257
351
266
451
786
703
650
806
192
799
889
631
126
501
205
283
196
890
100
209
728
798
393
770
377
821
492
621
871
268
267
132
777
202
374
569
624
373
688
563
256
254
448
811
140
807
451
538
519
373
362
678
277
669
765
522
159
720
136
598
191
742
565
644
133
590
191
366
380
784
227
337
225
704
138
855
633
440
387
227
786
346
286
841
375
862
670
258
389
579
354
587
399
886
184
303
816
781
568
716
251
533
810
890
523
876
513
198
563
129
221
615
593
669
591
360
190
782
867
469
505
814
716
735
605
762
858
160
337
120
201
129
882
849
250
768
466
390
147
309
185
269
315
264
866
200
473
370
110
735
829
702
139
687
477
798
213
479
580
866
353
344
788
426
313
468
182
619
414
685
711
525
572
828
159
207
341
407
445
841
334
313
348
580
720
818
782
628
612
360
613
837
743
729
897
306
549
254
296
873
895
262
373
228
391
328
482
457
261
581
875
813
796
763
268
757
350
162
723
865
501
520
802
753
836
378
255
884
655
264
851
795
751
418
257
385
195
272
552
676
215
607
387
800
573
285
641
602
382
342
619
805
788
633
371
402
188
870
612
289
685
783
659
748
690
144
648
769
895
391
490
860
568
534
873
652
371
578
837
440
460
495
798
537
546
320
865
422
151
654
672
604
657
884
221
470
335
481
679
123
261
662
386
417
116
547
285
839
647
856
454
494
685
134
897
478
483
268
850
866
682
260
214
497
815
809
820
308
726
779
307
254
727
386
411
195
375
554
226
324
245
888
211
485
883
549
388
450
528
275
114
727
662
398
632
475
440
327
589
418
384
496
140
769
812
620
763
791
559
669
782
416
434
687
558
208
164
186
123
380
742
798
250
873
324
721
267
546
451
577
582
606
223
561
126
709
141
581
743
375
111
575
693
434
131
555
451
721
175
494
297
394
733
356
114
174
888
302
844
255
204
151
569
873
474
521
333
896
100
400
243
243
419
543
187
707
288
334
222
237
371
413
746
630
839
521
583
869
589
531
822
435
424
788
498
739
166
631
747
689
476
826
163
802
887
190
775
821
165
869
633
240
814
803
422
481
375
486
801
648
687
499
724
490
120
857
818
138
575
320
789
665
308
700
379
879
518
609
686
603
486
568
674
656
230
225
442
167
860
428
730
236
598
221
768
744
382
814
580
580
137
262
166
651
488
484
526
109
543
759
654
478
868
571
562
111
786
355
365
387
446
714
628
704
476
290
751
483
846
447
451
713
324
168
797
666
465
806
637
737
704
129
635
550
282
491
269
341
415
149
591
260
827
373
465
347
163
653
823
560
223
281
699
723
598
111
562
838
437
480
383
551
336
733
896
511
124
662
867
738
113
822
543
332
798
896
561
650
680
463
136
498
356
533
586
240
317
823
393
352
496
746
499
806
438
766
181
843
872
838
157
648
542
136
134
501
215
585
501
398
377
395
368
119
531
123
404
504
225
716
427
621
646
450
577
237
143
469
602
560
522
395
457
754
789
464
232
301
826
230
118
313
541
101
124
217
284
738
641
684
822
525
702
773
579
262
107
297
611
702
761
524
487
822
312
133
130
205
224
463
849
342
325
411
694
433
220
183
438
557
842
561
264
677
550
698
251
374
873
537
344
512
373
855
732
719
396
396
442
334
789
481
735
275
172
202
519
691
568
823
477
245
691
308
726
439
532
792
291
690
459
149
515
298
212
621
163
571
381
463
703
898
369
527
694
830
513
849
176
481
393
112
521
542
248
877
603
625
203
294
346
709
413
722
396
411
633
526
616
888
777
550
203
278
168
226
495
850
390
430
780
728
229
890
434
376
558
441
292
138
436
854
265
543
116
853
378
593
660
281
521
846
708
584
843
316
163
848
424
802
853
136
219
439
665
352
136
354
821
469
641
258
199
789
687
794
882
414
196
600
466
588
890
225
420
583
581
511
218
360
451
821
221
626
656
578
391
257
456
726
130
861
505
599
294
520
734
233
181
389
375
157
491
361
463
593
562
542
305
875
851
506
656
294
230
316
215
182
266
566
675
363
886
603
741
217
659
829
117
575
886
526
603
421
853
281
868
294
319
838
176
162
562
363
660
514
468
887
607
309
839
831
850
461
686
770
503
245
526
757
848
160
517
118
719
834
714
205
759
844
759
628
299
599
436
230
318
119
640
292
226
824
467
874
145
219
502
539
149
724
642
779
131
126
779
512
172
598
803
431
640
513
136
778
419
216
558
659
235
169
202
146
746
595
728
341
140
296
140
815
217
477
401
590
799
398
121
603
308
859
127
898
177
470
353
888
782
660
542
608
565
655
431
580
206
853
291
565
231
526
881
464
477
803
115
168
119
289
595
767
450
267
139
506
787
393
686
196
300
822
439
382
314
607
288
646
681
523
507
467
141
531
697
429
139
480
775
357
779
559
320
645
485
220
212
270
174
476
835
159
309
658
390
468
576
361
839
473
772
896
153
383
565
116
665
168
132
113
110
565
356
805
578
108
819
412
859
125
521
630
574
507
265
321
183
195
831
712
311
435
216
404
884
450
327
681
270
824
703
320
416
256
671
466
386
809
600
630
304
750
864
161
706
854
208
392
883
427
481
585
351
141
542
334
790
505
853
320
810
780
449
609
444
127
799
201
320
860
742
702
410
330
810
380
198
101
520
695
322
197
530
661
374
362
315
884
738
190
732
323
276
629
800
126
323
710
623
563
295
759
404
703
688
182
749
427
586
493
884
741
234
107
256
134
870
657
852
141
717
419
349
625
826
859
330
199
305
323
358
578
847
900
147
821
841
416
435
112
253
782
127
348
394
520
696
609
290
580
698
147
483
801
866
555
425
387
218
847
641
225
865
857
813
251
192
753
735
755
593
778
242
185
310
735
410
264
785
408
844
108
588
314
814
777
161
462
186
638
142
598
898
443
286
371
522
857
488
409
827
876
730
267
716
129
873
681
212
120
364
353
103
290
517
610
875
518
281
648
538
393
536
875
522
372
217
483
184
633
306
628
315
804
878
734
569
239
608
252
109
552
749
879
742
595
155
590
573
762
314
796
455
738
856
420
888
260
494
675
559
578
435
773
213
229
434
281
211
681
696
877
529
736
600
216
371
103
100
546
248
713
116
590
621
119
566
315
213
739
745
282
401
321
677
385
504
783
440
625
152
260
435
334
484
762
275
216
358
375
446
560
186
349
205
160
408
122
413
485
399
679
847
276
558
197
722
183
716
792
630
693
230
510
591
159
550
706
277
310
630
868
524
383
891
803
683
897
874
667
230
553
527
739
344
141
760
343
460
519
888
628
741
213
160
121
595
519
894
896
321
137
442
606
780
619
159
657
193
740
560
648
622
583
231
205
169
825
113
318
594
182
503
628
125
775
422
427
710
781
693
399
777
228
331
467
862
864
846
681
137
524
584
408
430
132
527
854
180
312
177
847
673
234
641
487
423
239
741
846
106
618
741
339
538
247
778
271
402
325
275
231
417
813
657
383
890
795
822
269
407
828
142
693
764
333
336
763
798
191
194
889
105
627
391
590
305
497
215
308
265
336
814
871
540
291
785
706
454
646
266
215
727
765
731
408
389
879
171
693
493
189
851
411
852
619
686
290
652
441
292
722
197
701
591
100
367
300
711
152
309
324
429
708
367
210
138
578
346
291
703
229
744
871
706
895
458
677
125
183
857
163
718
553
811
494
267
560
879
355
899
876
222
689
482
623
739
489
852
733
397
705
501
896
484
683
566
610
661
315
884
492
723
502
550
279
542
386
206
210
350
823
441
241
578
501
811
475
785
135
725
839
325
832
804
829
317
448
470
257
613
173
296
324
196
761
206
523
154
815
690
242
137
619
303
667
394
644
895
191
375
754
112
892
178
736
262
196
447
165
756
443
183
299
480
670
374
155
486
439
760
209
655
692
750
354
689
820
280
808
535
455
215
849
609
788
487
348
497
148
398
137
839
864
347
299
421
419
389
664
643
665
795
795
532
418
572
607
183
694
376
683
394
892
139
871
621
206
338
413
456
137
654
525
452
463
779
648
331
526
383
644
246
154
828
683
505
294
716
880
687
372
464
185
500
435
181
610
659
400
785
892
616
503
706
645
629
376
603
703
156
663
549
241
396
113
364
133
364
130
664
726
580
141
409
102
211
593
185
605
302
283
381
530
617
700
671
487
771
426
789
146
235
452
834
884
652
891
421
576
112
288
488
387
186
101
331
308
685
634
474
200
675
374
767
162
150
228
872
810
711
754
417
220
238
595
855
775
409
419
201
720
215
644
874
895
519
736
591
341
862
704
404
284
243
655
147
274
504
294
641
718
552
745
606
679
254
661
426
360
661
136
697
