653
428
131
265
161
443
873
178
868
608
656
110
566
424
260
107
482
491
123
532
246
763
291
853
792
620
746
562
273
696
515
512
385
213
479
193
705
474
243
677
574
627
829
750
390
434
474
539
526
455
140
860
861
408
816
459
754
486
778
564
456
650
767
893
209
157
151
599
182
742
393
230
426
769
815
115
693
602
622
202
176
711
618
331
777
442
676
647
126
210
383
769
617
880
775
146
833
651
445
515
660
402
244
334
231
237
803
587
537
735
626
514
175
635
415
404
232
350
423
242
216
367
166
409
883
868
286
126
349
736
359
586
323
560
504
336
736
300
496
787
210
702
723
641
456
468
633
875
444
540
130
295
398
420
549
346
343
757
502
128
487
164
878
484
149
261
776
772
174
329
553
253
249
231
796
887
440
129
727
302
821
192
387
609
205
895
337
828
533
597
441
664
346
169
432
402
385
637
601
292
883
455
186
361
541
778
857
163
662
478
180
165
240
473
131
584
479
153
841
170
532
352
414
634
641
131
221
247
666
718
679
280
291
221
462
285
146
680
702
742
849
608
125
345
760
879
848
661
708
360
454
246
311
422
140
879
245
679
150
266
542
456
343
482
489
731
380
125
798
171
492
528
353
891
694
367
232
788
228
830
716
519
562
674
126
587
156
828
157
478
153
137
258
126
377
562
369
776
694
684
290
337
889
894
173
399
306
754
764
623
630
249
604
225
346
425
799
426
827
612
518
159
104
594
599
485
136
238
260
298
286
891
521
569
468
371
360
123
353
812
387
371
410
263
243
212
335
417
196
702
874
310
343
391
143
115
303
419
127
273
201
497
185
845
259
364
282
274
787
574
879
231
543
675
818
253
812
856
436
844
826
620
465
627
665
484
268
721
294
319
798
219
124
738
845
518
807
261
477
272
624
441
561
786
159
212
211
420
104
131
252
356
265
798
842
880
640
289
276
172
717
510
798
303
650
878
176
380
152
806
638
140
399
649
835
573
339
381
627
672
369
321
517
219
280
487
162
117
703
490
745
182
438
153
563
436
840
858
788
263
394
582
439
739
216
334
535
522
551
522
866
346
862
514
519
624
661
322
296
647
443
106
619
201
627
696
389
895
827
861
666
858
447
656
783
440
734
495
187
581
887
862
251
510
821
810
629
835
459
558
767
283
605
782
208
129
283
398
797
578
743
368
378
674
567
256
728
474
338
390
106
268
699
329
317
743
210
263
885
649
625
218
501
787
867
229
783
341
822
366
892
316
496
563
415
887
456
164
418
645
307
722
177
207
696
263
102
765
638
187
858
405
185
814
524
342
608
410
458
799
694
224
286
695
481
479
737
697
580
358
881
770
764
101
596
275
535
171
700
852
657
636
720
160
155
237
571
117
675
144
461
637
291
768
457
167
805
211
438
809
569
770
682
782
155
176
821
509
707
615
793
474
774
644
631
637
869
485
184
560
264
510
715
357
855
176
629
732
282
831
682
568
697
478
717
254
663
761
782
291
717
595
801
460
197
492
410
667
710
662
330
199
427
475
518
631
333
694
446
875
769
283
176
562
669
430
712
191
108
872
430
569
241
687
776
183
127
470
731
807
440
256
324
181
729
398
290
559
856
627
180
456
555
891
147
309
366
391
159
630
391
761
494
701
576
887
836
899
710
754
509
797
324
134
399
352
830
146
718
875
447
204
644
337
175
880
802
633
334
284
189
345
462
627
639
610
543
563
737
143
265
565
369
358
786
160
557
137
464
159
890
453
762
306
312
243
162
861
807
521
486
622
583
690
382
866
514
739
288
356
145
844
496
344
767
112
346
661
853
351
385
323
186
157
278
421
569
583
824
850
605
894
279
512
484
488
861
246
670
584
246
813
186
662
347
819
130
499
456
766
256
837
230
564
151
271
806
861
551
877
668
667
255
571
727
426
839
781
252
342
668
453
788
822
699
114
803
151
512
814
303
377
838
580
659
756
196
431
776
218
510
636
492
553
314
599
405
198
243
747
270
105
766
270
849
140
591
669
347
469
853
776
732
351
123
778
334
158
654
872
379
486
645
419
193
606
345
368
843
853
875
841
669
367
841
819
216
783
158
219
559
597
739
777
123
297
382
706
786
774
256
743
886
250
462
671
212
797
264
449
632
550
439
698
104
561
889
486
858
750
752
639
823
508
566
449
383
598
702
788
815
718
518
395
684
392
622
608
853
761
167
169
590
820
113
560
289
416
351
434
500
287
761
676
133
407
345
473
706
734
434
627
860
581
611
882
675
512
490
188
877
108
504
352
342
882
532
556
197
292
478
874
355
278
221
738
825
621
143
101
583
121
870
344
213
271
557
534
105
570
844
891
199
709
338
254
241
434
203
872
860
588
208
601
519
852
713
340
257
279
397
404
294
189
828
362
602
284
778
890
145
170
296
401
347
130
844
149
373
323
120
219
368
265
885
557
376
276
513
487
140
724
489
284
532
354
595
542
515
584
567
198
579
604
229
543
475
699
841
722
676
402
756
213
604
293
136
629
897
530
682
541
796
151
566
593
458
794
538
403
465
481
146
584
428
307
400
363
154
313
130
324
196
571
787
118
584
720
868
127
426
793
488
518
201
333
650
659
670
890
196
419
515
111
117
347
796
632
285
132
245
690
423
642
225
190
563
477
461
304
603
519
776
295
155
793
804
346
745
345
758
873
421
776
565
814
810
184
705
854
886
212
190
221
590
213
401
765
443
216
169
639
266
602
879
241
746
604
768
720
375
883
189
325
356
805
829
836
676
483
882
645
190
144
723
822
794
342
127
850
462
437
693
137
739
694
247
712
246
443
138
692
824
395
849
211
123
334
672
762
531
715
823
633
326
568
264
157
272
496
163
720
706
295
538
155
417
271
144
554
414
665
772
298
124
887
479
152
369
659
692
820
575
626
146
361
821
698
146
166
848
674
316
576
382
454
827
892
414
212
189
334
474
117
515
180
676
711
337
398
182
752
527
736
649
289
401
671
847
138
175
439
573
310
481
301
383
681
454
879
360
619
212
431
363
346
220
511
267
776
758
535
280
432
869
314
263
686
362
106
814
363
212
161
696
509
338
352
465
450
723
630
713
664
508
174
614
889
740
464
514
775
164
856
645
697
310
253
531
798
108
165
127
170
246
588
697
595
458
702
388
630
616
580
521
347
545
717
151
175
875
452
573
352
199
871
244
103
520
579
146
474
378
496
653
203
521
618
505
146
745
876
708
290
577
700
180
206
471
669
478
535
604
144
507
655
526
398
700
260
760
387
390
798
346
823
900
798
748
167
569
284
655
212
662
415
126
609
485
537
739
758
203
320
319
349
335
619
655
788
780
469
377
298
225
128
843
158
409
123
879
702
584
625
614
740
299
214
176
651
572
598
403
570
107
746
506
388
594
277
579
788
249
520
622
328
519
817
655
554
674
208
251
661
381
448
284
355
703
626
781
219
721
712
490
649
812
262
862
711
900
118
796
502
387
307
190
538
553
402
858
673
417
317
803
133
388
864
238
692
420
777
442
406
365
382
402
664
723
603
612
713
286
147
511
773
629
619
439
889
122
453
337
342
505
169
835
673
272
211
242
640
403
477
637
400
397
694
866
101
442
753
441
127
543
570
476
280
477
844
852
205
115
847
754
548
600
612
552
384
357
632
547
246
224
670
711
177
754
534
103
510
248
591
400
450
702
589
433
160
196
500
443
381
294
853
891
152
200
839
877
103
261
208
561
885
790
557
367
194
886
451
668
642
878
220
476
346
585
154
141
317
554
653
800
396
120
448
387
682
285
169
242
787
215
841
835
195
378
512
680
505
802
214
160
783
349
118
829
895
348
353
264
305
399
790
837
641
832
532
787
784
304
423
103
331
472
854
824
422
811
782
512
270
444
232
818
823
470
890
610
498
532
310
768
509
872
369
110
199
461
676
853
581
838
441
112
308
877
155
285
650
553
686
180
405
733
608
658
635
779
539
551
764
628
776
845
278
572
221
824
303
739
276
727
838
774
117
753
203
265
156
450
201
797
839
209
600
602
279
764
647
447
477
593
498
812
142
510
333
664
177
415
725
705
100
451
352
520
199
533
561
883
476
880
143
293
540
455
501
776
287
301
135
264
297
103
584
404
500
420
776
199
878
196
135
874
117
646
264
188
597
850
276
528
729
801
253
297
449
111
473
416
348
137
611
175
762
131
265
137
230
413
542
875
734
580
364
805
833
294
254
433
125
673
788
498
133
731
775
140
252
113
859
297
291
149
677
571
156
325
675
587
488
727
662
306
270
599
408
740
678
688
638
698
131
343
253
393
862
407
635
394
781
618
351
137
526
747
180
644
406
478
526
297
157
673
798
811
288
249
308
536
261
426
567
846
631
147
606
679
508
157
647
587
231
768
639
295
151
737
539
618
172
230
111
322
196
156
730
277
353
674
800
306
745
606
733
606
692
299
408
119
193
144
279
638
533
175
698
602
889
836
840
798
622
730
268
754
210
139
656
246
159
718
606
737
737
624
675
450
475
706
120
771
173
142
521
517
616
517
432
409
870
841
198
670
360
477
202
875
166
724
594
556
225
839
450
298
350
725
275
122
116
176
583
625
396
450
430
457
780
363
575
834
713
660
799
183
477
158
323
463
323
882
318
647
422
857
828
258
343
620
174
499
828
649
451
610
230
594
212
757
309
832
778
190
898
860
282
890
303
468
687
488
672
844
329
782
254
423
652
311
205
310
730
538
719
398
609
199
100
582
897
122
305
623
205
553
770
808
382
402
472
293
851
748
738
125
682
900
283
709
670
383
321
304
502
172
780
819
869
567
864
688
576
785
356
138
861
643
261
778
876
267
817
277
463
571
779
741
222
896
439
552
767
413
665
727
181
121
499
269
405
239
131
556
331
756
825
624
826
224
158
673
826
627
733
724
636
362
731
574
154
546
218
603
680
288
256
828
705
283
365
808
620
841
468
807
248
413
360
744
427
641
250
864
421
136
771
372
832
455
663
745
343
724
689
163
412
560
618
618
317
832
695
456
301
537
148
385
779
302
737
534
337
785
518
716
557
388
329
698
417
858
769
164
742
400
187
809
816
248
805
803
262
667
387
253
884
569
608
474
834
149
700
215
408
104
213
739
619
609
511
322
269
563
831
356
765
823
177
635
615
473
768
893
821
625
619
791
379
451
593
794
477
368
716
793
617
125
494
794
394
618
282
557
651
790
886
383
363
634
790
176
657
580
449
885
101
309
137
247
826
784
866
697
816
660
139
545
900
524
264
722
605
299
583
123
454
384
818
731
798
830
728
282
714
271
319
887
495
820
171
229
147
385
717
607
115
703
584
175
125
341
148
766
279
599
583
438
758
454
762
739
679
502
296
474
279
630
167
404
580
752
312
762
655
344
632
280
102
381
802
155
789
131
207
673
401
596
586
323
609
830
103
650
655
353
296
174
172
109
157
124
770
709
891
710
368
293
293
411
857
452
744
753
627
390
552
269
134
230
335
177
868
143
474
209
450
722
342
177
713
180
744
772
305
783
523
512
225
232
333
523
792
129
433
708
461
468
679
663
638
281
758
777
715
633
216
788
789
869
575
264
528
447
672
186
433
383
686
295
406
803
415
372
840
106
699
577
576
851
834
609
368
193
806
111
591
395
129
151
860
200
396
119
405
726
880
451
493
821
684
768
145
401
238
515
628
456
274
290
900
772
563
394
595
668
702
847
581
136
439
266
886
766
432
108
769
723
341
318
294
817
765
153
725
174
314
155
776
495
735
516
688
302
320
277
523
241
124
429
233
129
635
809
248
559
675
279
802
709
614
370
644
678
807
432
245
661
832
794
398
461
402
495
473
222
414
127
586
154
129
321
378
512
486
257
105
522
636
269
315
667
445
635
289
259
318
650
500
784
403
767
366
536
671
264
658
623
890
148
718
155
734
491
440
277
898
750
704
553
250
759
143
831
867
139
842
107
585
788
844
612
756
420
396
160
749
367
845
590
702
132
198
713
640
416
559
269
574
273
697
637
781
527
193
567
572
871
807
580
278
191
553
505
751
478
685
883
662
493
212
893
699
392
527
744
888
596
486
477
258
348
572
709
655
709
451
889
506
739
671
143
620
783
730
565
239
540
359
887
376
337
765
146
879
771
721
568
307
658
763
300
355
253
849
395
892
123
580
574
147
682
361
162
241
424
247
603
612
400
488
417
175
755
192
349
812
511
230
250
147
113
538
281
876
323
683
449
361
631
534
384
470
226
186
138
645
310
525
306
408
300
337
389
587
113
729
168
563
517
444
508
879
271
487
722
582
605
505
188
590
658
717
597
556
218
742
834
297
696
217
493
317
415
750
664
537
394
188
826
348
579
340
869
162
683
138
853
670
810
492
274
348
113
470
467
876
227
775
264
825
213
422
148
579
724
486
247
169
512
764
717
560
357
661
425
461
623
600
524
261
792
812
383
852
777
569
276
479
667
821
128
225
731
594
366
186
293
464
647
866
392
785
155
361
808
157
666
873
428
869
778
445
375
625
703
688
387
203
784
596
766
440
230
770
836
845
468
326
833
597
455
144
859
578
776
872
139
679
302
411
695
593
744
713
305
727
675
428
586
453
192
583
777
780
687
823
785
654
220
515
255
743
649
633
852
436
250
712
314
534
607
455
318
167
734
855
763
630
571
341
694
625
670
241
648
692
376
554
258
412
516
796
557
612
641
551
137
165
373
588
423
232
220
811
845
858
158
841
417
839
261
858
473
716
790
250
428
707
616
297
701
877
820
860
262
116
427
634
694
644
737
375
511
864
471
702
786
335
349
379
807
194
429
700
413
289
806
137
602
191
532
704
399
293
154
571
626
651
156
214
283
245
252
804
238
582
798
423
503
542
342
746
892
872
751
355
245
863
485
782
845
311
847
425
783
617
241
567
559
507
413
481
613
531
785
815
331
120
775
787
708
569
676
264
425
318
577
682
742
789
244
216
203
570
596
298
825
865
143
350
261
602
894
836
854
857
822
329
513
628
776
888
318
416
556
635
144
668
657
329
468
117
764
409
343
153
153
329
140
565
380
706
729
803
378
246
317
665
104
619
847
186
201
271
301
546
146
323
418
471
155
270
400
173
625
846
441
433
726
860
840
599
795
269
460
900
492
150
278
493
716
169
282
593
430
330
329
679
900
843
622
795
579
854
829
447
317
650
482
644
263
514
193
132
213
697
516
618
291
878
307
621
574
328
744
883
522
412
327
651
213
105
253
403
351
365
900
268
857
548
156
129
581
288
298
861
816
799
181
188
442
464
818
729
146
169
674
677
819
784
556
160
598
369
482
211
116
813
704
746
137
597
371
640
889
403
443
823
540
569
654
431
247
687
174
342
655
316
783
358
111
197
364
187
860
899
595
398
351
847
178
823
137
267
433
538
731
567
815
181
123
389
247
454
213
846
393
295
745
303
265
613
849
788
695
182
654
133
436
723
371
337
149
390
525
501
670
628
423
350
624
650
468
872
258
192
270
762
650
116
339
547
449
353
542
690
367
258
694
181
893
668
126
547
106
841
192
833
412
684
430
718
825
152
356
841
386
545
303
191
261
115
624
824
705
206
724
337
719
497
577
186
844
523
389
581
238
346
485
192
618
111
451
305
269
681
527
114
325
416
172
459
263
223
206
496
525
822
357
857
385
553
669
427
601
195
776
329
623
865
500
190
875
517
351
842
165
188
297
126
358
534
553
559
413
298
486
382
346
620
161
583
264
111
619
382
398
248
250
317
425
199
189
356
438
633
307
171
301
139
481
570
748
527
830
662
261
811
326
734
893
871
165
357
656
874
389
259
370
572
698
658
507
205
516
854
127
304
307
214
365
666
745
776
601
434
532
765
206
568
600
686
198
365
569
614
311
280
357
560
292
799
276
141
249
105
405
488
581
309
106
313
456
890
132
769
769
158
751
891
841
854
825
518
785
157
671
435
146
237
644
796
485
592
455
339
577
378
324
350
544
150
743
450
176
361
889
611
543
618
109
813
387
401
377
347
564
631
582
496
283
776
791
429
170
542
797
899
327
722
395
677
664
841
421
281
129
485
327
512
687
116
444
377
157
326
334
570
214
836
873
792
425
704
345
224
739
573
465
644
839
105
667
342
125
138
864
335
824
574
300
433
318
151
233
205
159
751
771
336
854
892
831
272
407
419
665
450
391
340
219
776
522
585
863
355
471
541
675
574
281
714
176
407
324
362
875
220
193
873
250
456
704
861
318
163
304
838
633
727
191
309
493
491
604
258
584
815
244
659
821
158
389
593
701
309
530
281
175
216
162
108
559
393
828
159
853
809
169
120
108
102
154
602
757
870
627
890
634
800
362
395
416
211
181
193
633
717
220
603
368
429
389
114
132
116
346
118
693
829
580
674
817
656
761
505
596
101
815
189
825
733
202
145
316
191
648
775
720
144
721
439
240
630
582
168
844
785
660
222
551
802
635
562
348
258
529
560
461
417
446
749
265
129
899
368
588
423
898
535
734
788
513
880
819
665
256
815
668
463
163
217
815
240
756
415
402
639
146
746
423
784
705
696
447
533
637
900
305
137
209
211
331
501
896
528
393
711
656
872
719
728
468
142
111
388
863
368
807
334
317
722
396
284
717
139
330
587
887
837
696
799
504
332
891
252
628
684
539
226
333
644
129
632
566
870
656
650
340
262
272
306
470
607
491
303
812
360
676
581
166
348
564
363
289
103
625
399
218
411
577
438
254
659
417
600
169
526
819
582
895
800
579
406
615
396
815
848
121
577
692
669
588
686
489
168
382
458
867
107
101
324
808
259
776
267
230
797
122
257
317
800
389
152
491
416
764
731
663
781
549
616
685
733
861
325
385
748
423
333
891
714
421
720
824
417
331
446
180
571
587
217
570
558
898
372
797
440
125
259
138
434
226
665
411
135
624
831
422
274
752
122
839
860
606
799
261
771
542
806
504
776
581
600
401
333
212
170
599
545
665
892
829
277
417
396
694
305
721
872
689
100
258
592
727
250
450
645
527
810
824
624
152
818
725
202
133
460
548
241
897
643
638
683
138
713
376
661
331
659
577
875
728
876
604
566
357
145
393
513
322
335
426
118
544
746
484
888
608
674
900
887
219
836
614
658
380
480
873
310
537
209
598
434
692
868
198
268
787
828
666
671
598
303
844
198
645
158
696
186
740
311
139
451
681
876
241
586
447
637
315
300
274
586
381
338
810
382
727
108
705
401
177
865
531
377
866
172
278
860
669
795
404
469
630
267
838
126
641
769
118
893
494
182
224
370
384
727
708
635
177
180
586
756
455
845
827
793
600
124
163
357
446
543
487
489
795
739
777
548
777
868
341
587
893
342
349
465
225
291
894
871
302
176
816
714
788
123
431
777
484
763
591
113
479
231
394
478
345
785
184
564
879
175
338
743
153
389
589
426
563
760
528
835
412
869
691
746
712
659
719
562
240
770
900
172
742
276
381
562
793
452
657
529
889
131
733
622
573
599
775
217
893
199
620
578
547
587
102
415
570
751
305
392
845
855
853
341
773
779
145
125
293
393
135
489
722
680
355
138
741
789
266
709
529
458
435
498
533
469
758
467
247
408
341
641
348
108
390
195
744
830
874
181
197
758
471
359
527
428
550
441
343
257
798
620
259
749
489
205
303
465
396
284
336
620
471
461
461
182
234
121
106
648
478
524
650
675
331
795
696
457
167
176
690
291
819
287
266
814
359
538
744
612
661
537
617
654
884
866
577
256
141
188
810
435
874
101
715
394
185
317
776
282
872
402
423
676
190
285
253
870
461
406
319
692
865
614
461
430
684
665
665
384
401
704
293
410
627
318
215
110
759
754
706
341
678
244
810
485
787
178
144
633
842
146
198
484
443
194
333
665
621
460
536
352
700
581
590
829
270
496
647
746
756
434
782
127
279
155
695
720
784
788
584
774
193
841
741
352
243
355
233
169
219
449
195
613
520
245
207
850
749
137
620
790
551
343
452
620
798
872
518
195
252
498
337
181
894
340
313
742
788
431
307
109
297
605
437
276
749
204
836
560
596
365
577
248
699
133
623
641
703
273
769
361
412
376
843
324
365
778
272
257
825
483
701
148
126
127
473
311
108
582
898
740
339
650
492
347
693
517
779
898
278
685
140
726
667
645
436
164
878
139
183
367
513
396
299
848
708
172
416
847
822
664
381
431
664
452
527
637
263
624
573
392
275
740
389
632
826
398
213
135
286
171
580
884
746
556
700
103
581
694
638
368
451
359
215
290
372
311
442
838
793
726
790
680
847
524
150
105
602
263
680
405
275
401
369
707
890
576
113
353
343
617
834
112
292
727
209
816
614
613
370
336
773
799
864
561
435
775
335
184
345
384
328
108
704
750
758
608
538
836
571
767
473
549
232
325
801
374
382
202
303
759
437
562
288
326
186
579
117
394
131
418
785
177
881
327
593
518
573
371
343
805
581
816
586
895
395
406
413
327
210
248
583
270
211
600
485
848
108
642
410
299
398
650
580
167
292
324
560
262
235
760
105
197
544
608
351
759
242
564
784
214
845
582
206
271
423
691
414
327
218
580
448
450
433
105
425
249
646
247
668
805
257
129
616
387
417
889
226
823
522
739
103
120
851
513
614
658
507
557
807
356
703
797
561
250
451
786
861
795
223
686
310
833
445
888
350
701
764
227
364
354
699
675
222
233
846
834
473
180
225
734
131
233
483
462
151
304
627
350
518
109
184
121
689
413
156
313
532
585
539
762
638
785
490
548
621
168
362
681
503
488
296
696
417
296
457
496
346
226
389
445
346
194
438
207
683
671
508
522
528
690
327
792
703
293
699
114
255
352
893
752
576
782
105
227
887
725
691
149
828
202
746
282
428
216
661
510
230
778
177
188
628
190
889
196
285
115
537
728
177
497
203
632
623
616
568
697
602
859
297
108
161
695
447
152
432
199
694
510
808
575
667
858
553
732
375
479
424
462
594
604
711
323
203
558
429
441
769
113
356
648
541
415
826
143
439
380
487
284
226
235
324
373
368
465
315
240
456
716
122
411
502
294
607
271
887
535
400
484
667
698
217
626
191
810
802
846
370
414
786
441
793
866
765
588
506
123
723
770
520
645
183
832
144
464
341
379
437
893
516
170
572
355
829
612
299
365
382
357
377
747
315
135
726
158
794
773
735
614
388
556
271
343
634
755
377
500
253
223
600
164
538
107
279
521
672
295
231
313
546
680
327
532
244
387
418
153
161
271
788
564
644
254
572
799
527
441
247
142
682
698
398
213
345
891
696
614
115
497
382
745
226
772
288
167
212
286
879
321
380
301
563
841
883
559
158
724
179
586
171
107
365
211
815
853
665
523
743
701
412
114
592
393
521
486
886
115
337
522
342
156
437
362
748
660
235
706
214
742
574
356
331
692
389
360
370
386
701
588
614
859
147
246
565
613
862
824
550
553
721
687
165
237
643
243
121
304
323
837
136
486
371
239
854
545
821
524
632
231
768
281
177
892
184
432
781
248
591
741
798
686
847
202
796
541
602
407
619
184
655
366
370
791
347
831
673
492
508
548
698
335
204
765
202
205
566
496
578
715
383
283
699
726
183
418
767
233
754
617
601
124
647
269
464
545
818
419
402
852
775
101
882
536
164
186
254
136
864
431
624
345
397
290
435
288
137
856
746
895
237
106
625
879
220
541
742
604
554
537
464
198
542
844
249
392
582
360
758
637
170
591
682
444
402
480
561
157
252
568
775
604
498
123
392
889
116
711
249
317
528
181
379
779
118
320
737
768
813
527
805
755
536
357
671
633
127
755
294
467
809
591
202
652
184
318
894
824
345
774
469
604
712
373
726
623
394
562
363
542
135
206
245
702
441
827
695
186
264
572
274
152
373
739
783
794
607
135
785
864
691
284
150
748
307
182
188
325
615
264
555
787
593
263
140
825
523
530
663
885
482
559
767
382
660
551
824
220
754
882
517
329
397
705
248
304
137
793
505
603
170
679
650
685
216
656
487
796
839
136
549
746
684
287
211
841
460
436
140
858
415
496
656
553
656
264
192
477
722
583
663
873
589
865
364
865
729
621
200
292
348
481
128
137
157
688
264
594
351
535
207
103
165
629
541
105
486
700
851
261
727
730
221
476
137
462
316
132
838
250
152
725
500
595
368
557
556
659
113
257
186
879
343
708
364
201
540
707
552
486
408
355
504
866
473
200
457
319
744
607
804
684
297
529
231
210
861
576
513
660
616
436
257
712
764
313
737
828
303
884
276
414
582
398
644
121
605
348
349
757
845
641
436
148
604
611
459
326
429
576
558
580
437
465
294
290
888
356
437
869
564
167
602
572
450
888
452
424
300
784
747
708
114
616
613
264
790
490
528
452
392
461
124
256
183
426
785
517
753
895
591
401
519
566
830
565
549
252
847
509
809
555
395
453
787
375
555
114
656
709
808
637
675
520
566
313
887
862
595
880
398
420
541
598
797
376
622
375
179
663
279
179
274
787
529
420
601
281
494
286
636
571
846
418
805
550
738
282
501
820
831
698
865
803
762
291
654
603
888
569
637
559
182
631
781
821
744
685
547
433
787
195
760
457
814
585
638
414
853
187
506
594
226
735
415
500
734
199
602
639
295
728
642
297
562
178
765
785
666
118
455
827
616
233
327
226
330
814
809
263
179
701
565
101
884
850
756
864
210
899
569
726
159
173
382
867
803
892
669
110
141
388
379
393
711
716
316
649
839
302
814
376
656
517
830
234
836
743
873
860
185
175
772
887
851
157
492
154
410
232
432
558
547
150
201
136
620
562
803
571
307
641
119
891
341
615
834
848
189
507
499
180
232
784
471
643
822
123
437
648
800
121
159
332
438
750
303
404
560
283
653
648
674
416
240
382
400
250
331
637
693
811
712
825
725
353
616
605
367
158
194
687
755
715
786
370
442
245
239
199
109
364
289
733
431
547
429
569
205
654
857
146
878
129
168
546
210
709
723
843
430
199
884
217
247
374
483
310
488
733
131
862
525
851
760
555
470
727
139
487
249
818
343
880
831
143
101
850
515
503
742
548
532
255
673
790
420
593
215
757
181
660
291
193
611
324
669
188
464
642
343
686
461
314
685
729
114
670
357
699
499
325
858
134
700
197
747
832
830
596
377
716
220
280
696
575
341
298
129
141
488
603
841
403
605
332
367
506
542
201
225
169
458
808
587
886
239
700
788
584
457
512
177
553
840
363
862
137
721
873
242
663
768
490
135
143
215
397
168
202
183
210
540
407
816
565
256
196
290
128
737
171
538
400
681
127
509
120
150
137
183
802
197
276
405
326
206
634
327
488
126
219
454
862
201
726
513
651
868
603
530
818
221
858
141
407
895
659
684
889
175
658
710
670
608
406
607
629
695
300
792
299
377
822
702
247
860
335
434
456
308
778
592
614
278
736
784
715
346
276
155
660
649
657
549
492
159
222
517
414
816
410
851
878
741
758
323
523
132
614
598
472
185
572
263
816
152
434
316
109
582
185
827
486
683
394
820
478
497
653
449
563
130
498
494
202
106
371
850
278
578
168
316
883
571
670
277
185
730
153
492
699
116
595
745
640
413
183
136
454
223
121
120
619
889
666
781
276
513
304
483
533
310
555
234
432
829
481
521
216
584
896
770
731
683
395
318
456
120
188
875
287
677
850
815
830
850
567
134
434
437
446
318
145
850
807
650
148
490
897
600
631
556
449
669
226
372
751
687
775
555
291
892
684
596
551
545
474
171
273
469
621
431
633
430
705
690
834
345
394
507
717
456
148
643
804
369
127
335
833
340
839
658
514
878
881
265
275
499
257
850
211
521
354
576
487
575
889
768
234
668
149
291
454
342
144
769
142
313
395
691
541
679
493
343
422
475
379
264
759
492
610
692
613
439
874
399
847
635
597
729
401
869
230
267
443
815
533
267
874
606
267
274
120
207
546
599
785
437
768
452
138
856
194
741
486
277
597
399
737
475
754
482
239
160
435
664
900
435
781
124
137
782
366
567
232
554
817
791
536
225
571
238
829
647
601
441
145
160
537
436
599
264
363
856
594
789
724
486
731
691
768
332
223
480
718
671
586
153
785
191
843
737
247
193
631
606
711
374
349
433
581
151
386
716
549
394
815
524
216
305
177
609
362
361
227
499
370
863
418
501
827
428
732
384
534
197
796
747
442
595
352
851
690
690
225
350
750
686
414
807
317
447
131
552
772
107
500
853
491
156
282
235
512
734
698
553
827
711
420
300
541
805
781
146
651
711
771
761
371
304
138
473
320
279
606
523
383
231
224
702
215
384
871
525
318
793
561
633
835
320
743
651
482
363
804
390
296
868
611
333
763
401
779
523
380
134
606
196
262
284
808
675
883
164
501
794
318
322
548
698
325
814
281
355
665
314
774
499
393
576
359
146
243
430
119
698
240
813
489
180
355
213
805
741
107
254
663
341
360
194
799
490
116
635
341
627
696
416
104
171
797
101
716
295
620
470
593
788
724
878
752
861
776
781
631
563
449
468
837
327
831
415
576
176
451
261
876
786
156
807
343
810
378
240
774
897
196
886
293
131
810
287
323
287
140
847
360
645
152
615
497
736
645
660
441
236
459
414
359
689
744
179
778
550
310
344
730
184
228
124
518
441
537
381
255
373
275
330
452
351
526
747
732
499
781
217
732
191
519
407
397
876
758
681
329
825
767
572
380
154
424
854
231
504
703
481
538
361
658
775
536
673
377
419
435
385
778
693
239
229
540
335
664
797
105
704
535
681
239
656
144
828
419
666
885
625
247
115
433
154
541
239
852
654
226
385
309
328
287
471
332
707
282
871
682
177
310
274
458
261
794
477
257
798
523
552
897
723
246
789
260
247
136
462
213
560
570
446
227
582
212
442
229
555
149
464
446
475
463
424
275
514
503
277
888
862
105
301
539
553
126
636
274
860
766
898
369
190
259
363
767
431
279
225
481
517
205
674
644
568
380
841
448
457
229
826
635
819
591
357
687
175
712
806
680
561
644
658
271
886
764
615
374
878
614
330
247
255
885
809
189
468
529
183
443
688
472
577
439
515
540
536
176
617
405
588
209
198
773
698
869
814
351
635
493
800
306
255
406
298
299
863
121
255
173
456
485
257
707
197
172
428
505
811
484
470
822
394
379
675
323
874
725
722
674
479
652
253
776
775
745
713
652
503
293
693
644
236
767
566
558
820
302
450
143
539
890
432
592
536
810
873
226
447
820
801
659
518
841
528
159
699
446
208
610
187
561
205
366
733
899
339
100
620
609
118
407
319
183
636
375
616
161
358
130
862
507
484
263
282
426
209
873
811
586
687
522
433
278
623
128
522
682
338
640
372
110
658
825
437
461
807
364
432
729
804
857
812
729
160
415
288
851
419
833
298
754
461
728
585
421
762
865
743
511
869
138
414
363
759
262
249
207
870
333
579
437
873
740
802
806
700
727
830
604
778
447
149
752
609
222
369
123
331
673
153
671
885
725
413
169
875
507
135
399
676
287
257
757
194
304
210
683
580
448
160
295
647
311
728
879
789
375
184
780
369
738
846
855
254
383
357
801
346
741
514
504
872
731
432
218
189
368
656
609
713
341
841
882
410
648
427
811
461
837
746
146
611
284
628
507
757
201
432
613
881
388
636
410
252
220
780
768
765
662
748
398
577
148
545
181
501
287
352
175
625
659
624
891
226
254
269
110
711
233
778
144
705
400
393
750
441
705
659
780
736
778
513
811
137
342
717
410
127
633
243
840
202
455
308
796
166
205
835
661
686
672
394
358
427
358
370
837
780
717
313
476
789
690
713
638
767
115
560
693
153
197
861
335
895
552
224
574
187
503
568
500
268
412
257
260
469
356
811
791
725
351
171
716
240
176
423
244
420
818
158
508
575
545
410
777
461
131
650
431
548
768
784
535
855
380
775
497
174
516
231
247
488
861
491
654
874
715
496
647
333
413
715
135
175
359
135
891
671
224
489
711
403
863
178
158
891
617
110
832
445
439
428
158
684
552
289
643
676
570
800
371
214
793
270
130
184
425
779
270
789
800
435
492
875
134
828
677
596
167
263
506
589
479
240
488
494
399
617
173
297
271
220
364
147
747
503
642
808
638
416
752
665
759
704
435
365
609
512
766
683
103
197
454
100
548
653
774
563
312
848
890
797
154
815
670
272
376
296
177
142
362
104
156
807
245
441
557
764
454
734
296
192
526
882
609
628
210
204
597
499
672
867
207
227
294
446
495
433
167
243
192
152
737
193
146
789
412
143
824
630
833
106
201
848
681
141
202
728
229
535
892
560
403
338
623
649
803
253
841
240
186
885
581
640
814
895
831
226
488
526
666
519
426
527
260
185
594
695
102
447
826
366
709
647
340
843
479
184
210
218
692
148
742
367
540
102
553
531
183
284
629
634
337
444
514
879
350
875
403
405
559
132
392
768
151
556
242
757
564
229
448
314
422
795
743
762
645
282
642
631
762
604
217
555
888
131
197
604
128
555
741
621
489
693
709
441
486
136
592
630
498
275
580
228
741
111
159
279
127
153
336
767
819
681
581
698
223
828
647
740
421
539
441
158
640
741
824
126
887
247
486
427
896
465
730
178
374
474
298
466
536
224
182
592
442
354
817
284
360
544
458
237
533
783
674
442
616
674
237
688
246
307
450
874
506
557
861
318
741
289
719
806
652
757
759
204
794
779
605
504
128
514
247
869
541
764
800
112
116
384
791
867
300
594
723
225
891
133
566
521
534
602
702
175
634
854
636
726
553
643
129
624
109
552
306
296
409
678
629
662
588
658
247
754
768
271
263
208
615
757
668
753
230
472
636
399
236
651
282
146
707
338
725
128
369
235
210
815
725
823
899
310
667
430
842
794
224
528
808
474
414
899
867
869
390
558
104
320
720
125
213
247
400
112
871
363
281
516
227
769
826
270
113
352
373
617
317
899
479
404
579
477
729
703
630
251
115
169
593
195
755
714
858
382
765
872
700
537
187
668
215
873
542
428
685
221
727
640
550
546
122
630
377
807
817
815
105
185
227
489
490
605
119
172
370
131
590
243
654
120
160
479
271
732
885
761
804
592
601
521
582
665
107
483
550
660
686
200
249
194
669
254
309
241
773
308
330
424
646
404
299
295
801
388
421
240
893
702
730
389
774
345
471
298
363
458
226
564
404
219
530
865
782
288
749
829
393
187
245
501
343
489
353
485
570
810
606
197
751
366
743
761
460
754
377
897
431
134
746
359
358
874
601
302
641
612
589
629
374
541
759
271
157
653
797
864
296
542
104
455
872
211
467
569
376
452
653
429
234
120
382
820
315
589
803
167
791
126
132
735
573
222
820
587
244
882
198
692
409
710
685
113
775
430
461
558
104
493
636
667
579
416
544
276
720
673
344
673
541
319
877
251
299
443
572
624
627
633
362
195
802
818
133
451
320
417
118
358
344
657
131
894
846
768
351
405
771
287
744
291
560
569
241
223
201
657
768
261
805
516
803
278
395
150
631
819
760
134
843
584
358
444
513
861
714
445
110
369
779
624
832
182
498
175
592
891
233
204
583
309
288
825
639
446
863
645
722
554
632
276
406
437
141
621
877
454
349
214
298
548
818
654
277
549
198
779
173
156
526
533
639
495
531
828
386
739
886
556
602
353
655
553
201
681
642
765
583
730
803
679
353
392
248
299
194
836
700
446
404
807
203
580
379
648
715
440
457
273
427
208
118
101
813
738
899
649
573
547
738
665
483
346
725
513
190
278
148
314
455
162
212
234
503
180
159
206
835
246
547
513
315
122
465
649
832
194
485
347
697
748
521
132
427
112
362
106
529
342
212
382
245
574
492
151
433
377
333
308
710
640
406
653
806
659
111
663
660
420
308
130
749
821
807
692
383
134
808
721
655
745
368
604
124
386
249
413
384
112
267
102
659
765
577
643
371
242
447
259
277
180
341
319
443
186
188
360
734
166
216
201
616
168
664
384
626
170
476
163
120
768
781
135
701
464
111
683
782
239
521
557
678
704
599
289
713
900
432
245
860
417
581
811
331
146
756
398
159
670
707
438
525
900
398
238
669
410
788
757
803
855
825
812
161
506
479
605
414
381
124
287
883
319
755
146
593
861
547
102
313
292
751
425
320
267
705
298
130
187
527
499
531
691
505
505
783
897
736
124
504
478
305
801
322
560
628
578
261
182
537
464
268
349
641
172
543
133
156
830
214
548
159
294
321
166
179
839
561
833
682
293
259
286
846
382
764
150
418
323
321
496
152
842
751
661
393
121
709
465
340
464
494
286
605
170
707
789
428
894
689
214
589
426
112
539
612
860
867
328
745
142
381
433
183
239
577
428
474
429
688
837
314
881
246
660
412
669
444
645
493
159
824
775
412
673
133
245
630
782
833
342
596
727
532
313
706
480
481
853
430
884
446
155
225
350
147
592
686
164
558
638
722
212
296
371
318
786
385
777
768
212
652
554
833
804
763
542
573
213
481
870
476
836
747
284
894
133
839
679
759
113
535
579
124
518
824
561
283
208
490
493
206
683
391
293
863
505
646
133
202
498
127
181
793
538
169
538
284
597
153
267
344
463
883
123
798
147
113
325
641
670
141
372
416
499
734
443
811
612
564
800
234
172
832
866
116
142
653
284
685
687
152
349
131
430
889
381
859
511
163
484
805
156
692
106
778
560
595
151
768
362
559
376
806
266
790
396
211
819
849
317
150
694
298
457
248
433
352
224
573
525
500
642
681
643
727
153
719
503
462
315
865
200
113
643
770
831
619
621
699
857
711
521
115
309
550
392
448
141
196
830
349
886
790
304
687
496
761
898
471
790
680
203
634
529
199
404
316
598
313
456
829
159
813
276
527
428
206
161
407
632
361
551
414
574
476
337
265
299
731
570
469
506
492
288
407
564
495
216
444
636
492
734
456
872
644
219
865
263
715
307
229
649
701
657
660
516
211
522
794
241
418
534
765
634
531
683
644
699
137
614
734
723
182
814
396
678
682
551
465
580
157
617
350
587
813
105
608
766
280
574
402
336
330
440
282
523
748
792
781
496
821
271
830
861
881
213
119
454
666
494
689
197
780
857
402
856
785
186
716
870
860
558
806
179
108
684
829
195
111
575
769
267
164
523
871
503
644
578
329
498
139
708
453
549
883
870
717
198
467
587
172
615
712
803
660
770
561
464
235
282
725
581
340
222
727
687
849
435
586
491
413
882
750
423
813
560
696
103
379
629
498
239
853
565
428
693
498
389
107
665
614
262
464
432
812
328
810
237
351
466
753
154
438
163
810
561
330
311
150
671
667
390
350
350
591
654
125
398
110
802
620
840
184
471
558
526
172
360
149
657
160
885
511
446
130
153
882
155
455
885
429
237
349
372
530
653
858
642
561
842
830
246
723
651
841
796
111
301
376
813
664
315
109
177
393
531
598
123
778
744
416
284
194
181
260
893
428
833
540
820
308
238
804
399
713
708
605
530
555
268
187
180
388
727
618
545
801
260
511
262
167
798
137
234
650
190
861
281
510
734
505
671
387
152
729
478
320
615
599
702
291
546
570
454
539
759
238
810
265
472
294
461
307
174
367
630
558
257
185
705
429
502
893
185
159
627
609
356
579
402
306
546
848
146
383
479
772
367
400
495
573
678
112
845
747
602
448
502
152
107
307
897
187
224
609
736
371
430
389
807
472
866
624
158
645
680
846
480
104
850
727
758
865
406
131
890
314
768
883
564
436
515
222
215
572
157
802
614
262
212
168
753
761
836
504
338
382
786
129
593
888
137
485
516
251
575
112
444
610
423
682
347
502
425
562
438
145
550
298
538
511
113
534
448
852
630
482
493
775
626
411
836
512
264
321
214
135
502
429
392
479
553
676
750
175
498
127
549
125
377
874
386
382
442
294
407
743
879
202
113
111
143
744
123
293
525
811
675
367
783
180
316
626
158
260
673
854
749
311
543
405
570
437
651
212
870
142
330
676
141
476
786
239
360
815
589
140
241
872
529
485
487
473
834
761
873
629
631
760
477
592
407
717
650
655
488
824
465
160
112
589
563
591
232
324
301
515
208
165
837
792
105
772
205
626
768
732
663
794
286
568
499
316
242
675
218
636
686
681
288
696
682
836
351
846
570
549
234
749
499
668
714
283
534
678
818
189
790
336
532
775
705
132
331
341
155
740
832
344
297
328
166
501
464
456
128
454
667
831
846
756
190
517
617
391
630
172
772
721
680
179
755
345
146
224
111
192
385
100
229
433
379
249
810
522
809
770
652
852
583
355
196
511
101
826
244
122
776
721
489
789
228
734
742
822
212
654
753
751
292
774
588
796
610
466
854
606
566
197
174
437
799
791
233
668
